20
1
40
 -0.161758  -0.286988 -0.0703751   -0.31777  -0.226177   0.181471    0.28671   0.290722 -0.0640714 -0.0640498 -0.0664661   0.183608 -0.0133098  0.0483633   -0.35642 -0.0865381   0.217762   0.383132 -0.0462761  -0.393703
-92.3357 -20.4451   -39.66 -35.2032 -25.4098 -48.0268 -33.5276 -47.4362 -32.1689 -45.1465 -43.5577 -38.7238  -45.614 -21.3869 -30.0897 -37.8848 -32.4091  -43.826  -25.867 -61.8702 -28.5053 -46.4007 -43.0648 -33.7124 -35.6674 -45.1282 -35.0331 -30.8179 -47.4422 -53.0749 -54.1415 -59.4184 -35.9844 -57.5433 -26.1648 -44.5914 -19.3279 -45.3383 -43.4886 -34.7598
-20.4451 -89.2837  -14.301  -33.812 -32.1293 -41.4096 -56.0979 -40.3839 -37.2172 -28.4137 -40.7529 -35.5748 -63.4044 -41.1615 -44.6288 -52.6405  -48.028 -28.7748 -43.3398 -49.5031 -13.4317 -62.3711 -45.0915  -39.065 -28.2499 -43.2076 -21.1699 -19.6663 -35.1535 -51.9686 -27.4434 -36.3365 -28.6808 -48.6017 -28.1917 -45.5691 -32.7815 -53.7158 -39.8924 -16.2712
  -39.66  -14.301 -90.0097  -23.618 -26.3308 -42.6772 -27.2302 -12.1654 -40.3771 -19.3928 -28.9981 -24.4989 -35.9091 -16.9615 -32.4207 -37.6541 -22.8186 -35.7002 -33.5132 -53.3392 -26.0728  -48.008 -42.1226  -31.811 -7.92461 -18.2192 -37.9978 -14.5867 -14.9789 -17.2601 -28.3106 -39.1762 -34.7203 -46.6685 -16.2647 -40.8988 -18.5841 -42.9153 -27.6571  -23.007
-35.2032  -33.812  -23.618 -60.4632 -31.0566 -31.0879 -33.2558 -29.6709 -23.3651 -32.5114 -30.4397 -37.1888  -48.918 -20.6924 -32.7259 -28.8062 -20.8906 -43.3794 -32.5842 -65.8274 -30.6821  -35.151 -37.3295 -40.6064 -18.0418  -31.039 -38.3329 -18.2966  -37.751 -38.0871 -28.2055  -33.361 -17.7075 -36.1762 -29.8557 -46.8501 -28.3602 -37.2133 -26.3018 -20.9535
-25.4098 -32.1293 -26.3308 -31.0566 -74.4453 -40.5971  -40.026 -36.1974 -26.5624 -32.3149 -32.1051 -34.8169 -35.0817 -21.9727 -31.5522  -28.054 -34.6493 -35.5327 -21.3234 -55.7173 -9.21669 -35.9215 -35.7709 -52.7705 -25.7982 -34.8866 -29.5101 -23.9329 -42.6072 -35.1054 -23.2761 -14.5299 -21.4706 -40.0486 -21.8368  -29.348  -43.934 -36.2656 -33.9139 -16.3839
-48.0268 -41.4096 -42.6772 -31.0879 -40.5971 -109.621 -48.2167 -40.1726  -48.815 -41.0306 -47.6551 -22.9814 -40.6663 -29.3983 -30.2681 -35.4617   -41.95 -39.1943 -34.3468 -69.6215 -31.4741 -63.3658 -43.2994 -48.7213 -32.9633 -40.5845 -35.0608 -46.5239 -55.8035 -60.0239 -37.5011 -49.3832 -16.8147 -42.2368 -33.9681 -42.5588 -30.9302 -48.2504 -72.1028 -38.5272
-33.5276 -56.0979 -27.2302 -33.2558  -40.026 -48.2167 -100.909 -60.9037 -49.0009 -47.0378 -46.7762 -47.3497 -58.2654 -45.8101 -43.9424 -63.3229 -48.9528 -32.1989 -38.9193 -67.4577 -22.3066 -71.7007 -54.4338 -50.9406 -25.0865 -53.2506 -39.6984 -32.5919 -49.7589 -58.9175 -42.9979  -39.143 -30.3923 -50.8531  -39.952 -50.1955 -36.6131 -61.5026 -53.9312 -33.7929
-47.4362 -40.3839 -12.1654 -29.6709 -36.1974 -40.1726 -60.9037 -113.436 -32.1794 -46.6675 -50.3582 -46.8774 -53.9832 -34.4432 -41.0915  -42.806 -56.2943 -47.6841 -26.8662 -61.0544  -32.339 -65.1003 -42.1125 -45.4306  -26.426 -46.7839 -40.9799 -41.2808 -57.9377 -62.5372 -67.6927 -44.0419 -42.3834 -65.5286 -29.9477 -50.9689 -50.3891 -68.3401 -60.1508 -46.9946
-32.1689 -37.2172 -40.3771 -23.3651 -26.5624  -48.815 -49.0009 -32.1794 -77.7513 -39.2664 -35.9499 -25.1274 -35.6454  -37.475 -31.0018 -44.4564 -42.3451   -33.49  -27.912 -65.0794 -20.8347 -59.1397 -51.3698  -29.814 -30.6903 -31.4528 -28.6196 -27.3078 -37.0162 -37.6713 -44.2837 -46.1112 -34.4925 -47.2568 -31.8367 -33.8921 -11.8873 -45.7139 -37.2031 -15.8115
-45.1465 -28.4137 -19.3928 -32.5114 -32.3149 -41.0306 -47.0378 -46.6675 -39.2664 -78.3056 -35.0984 -28.9664 -46.3217 -32.7258 -15.1126 -42.3523 -29.3064 -27.7345 -15.6692 -69.2149 -25.5945 -44.8127 -28.6559 -28.0364 -25.4948 -45.5938 -47.6408 -14.0118 -29.4791   -41.62 -47.9924 -39.3439 -33.9134 -36.7247 -33.2393 -41.8676 -36.7741  -45.182 -31.9228 -20.9443
-43.5577 -40.7529 -28.9981 -30.4397 -32.1051 -47.6551 -46.7762 -50.3582 -35.9499 -35.0984 -78.6343 -41.3924 -42.3086 -25.3447 -33.9292 -40.7926 -42.9026  -42.036 -20.6042 -56.0727 -28.8919 -56.8139 -37.8152 -44.3325 -38.0694 -43.5015 -32.8002 -25.5529 -48.0155 -50.9592 -44.4943 -37.3973 -27.3699 -49.1124 -28.7561 -30.6725  -30.859 -54.6508 -47.7682 -22.6011
-38.7238 -35.5748 -24.4989 -37.1888 -34.8169 -22.9814 -47.3497 -46.8774 -25.1274 -28.9664 -41.3924 -76.0751  -41.274  -23.614 -27.3887 -34.5169 -29.1601 -34.9689 -26.7313 -55.6954 -23.6678 -42.9912 -56.8189 -45.5723 -13.6151 -34.8322 -34.3068 -18.6146 -31.4131 -46.1361 -42.9976 -25.5453 -22.6653 -46.5944 -23.7179 -34.4789 -36.8316 -51.8265  -37.684 -13.9291
 -45.614 -63.4044 -35.9091  -48.918 -35.0817 -40.6663 -58.2654 -53.9832 -35.6454 -46.3217 -42.3086  -41.274 -98.2835 -36.2181 -48.1735 -55.2546 -41.2997 -44.7637 -50.9497 -68.3878 -26.6224 -69.8438 -48.7871 -52.3332 -22.7166 -39.2285 -45.5442 -30.6803 -40.2933  -50.981 -48.9592 -55.1789 -48.1756  -55.746 -30.8368 -60.6359 -40.9081 -51.0675   -33.92  -37.832
-21.3869 -41.1615 -16.9615 -20.6924 -21.9727 -29.3983 -45.8101 -34.4432  -37.475 -32.7258 -25.3447  -23.614 -36.2181 -73.3174 -32.2231 -44.0376 -22.9203 -23.6825 -18.4017 -46.4174 -9.26826 -42.6704 -28.4739 -34.0074 -7.97857 -38.0838 -29.5292 -20.3606 -38.8431 -40.1425 -35.1659 -28.5742 -29.9717   -50.57 -21.0279 -28.7471 -26.3363 -36.0719 -36.7291 -31.2871
-30.0897 -44.6288 -32.4207 -32.7259 -31.5522 -30.2681 -43.9424 -41.0915 -31.0018 -15.1126 -33.9292 -27.3887 -48.1735 -32.2231 -87.2769 -37.8202 -47.9162  -33.418 -45.8527 -49.6079 -27.5129  -46.968 -32.0034 -46.0858 -18.7762  -35.815 -30.9047  -22.855 -58.4477 -37.2174  -46.755 -20.3576 -31.8199 -61.0301 -39.8124   -47.95 -22.5489 -50.3586 -37.0164 -29.6093
-37.8848 -52.6405 -37.6541 -28.8062  -28.054 -35.4617 -63.3229  -42.806 -44.4564 -42.3523 -40.7926 -34.5169 -55.2546 -44.0376 -37.8202 -85.4923 -46.5051 -23.5821 -38.0279 -60.6639 -15.7364 -47.4627 -51.8975 -37.8156 -17.4343 -40.2262 -29.4131 -20.3894 -22.8962  -43.066 -36.1456 -34.3085 -38.8891 -56.6835 -35.7618 -42.5846  -39.914 -61.1781 -41.2462 -16.6987
-32.4091  -48.028 -22.8186 -20.8906 -34.6493   -41.95 -48.9528 -56.2943 -42.3451 -29.3064 -42.9026 -29.1601 -41.2997 -22.9203 -47.9162 -46.5051  -87.008 -37.2866 -31.5368  -52.789  -32.384 -56.6674 -38.4583 -49.4753 -39.0624 -33.7026 -31.5809 -23.2575 -46.3994 -44.5463 -33.2922 -30.7178 -29.1538 -57.3862 -27.8095 -44.6295   -29.48 -57.2146 -48.5438 -22.5151
 -43.826 -28.7748 -35.7002 -43.3794 -35.5327 -39.1943 -32.1989 -47.6841   -33.49 -27.7345  -42.036 -34.9689 -44.7637 -23.6825  -33.418 -23.5821 -37.2866 -101.715 -31.7131 -62.3304 -37.0723 -74.1193 -38.8415  -59.801 -41.6822 -23.6292 -37.6055 -23.8491 -59.8431  -49.742 -34.7544 -56.8203   -26.83 -74.2149 -25.8987 -52.9239 -36.4398 -74.3707 -38.9205 -43.9973
 -25.867 -43.3398 -33.5132 -32.5842 -21.3234 -34.3468 -38.9193 -26.8662  -27.912 -15.6692 -20.6042 -26.7313 -50.9497 -18.4017 -45.8527 -38.0279 -31.5368 -31.7131 -83.7121 -42.0551 -16.7755 -45.1385 -35.9845 -33.7952 -9.08588 -13.8564 -11.7215  -11.422 -38.6475 -30.1774 -27.4458 -36.2296 -22.1776 -34.2736 -26.8261 -46.3736 -38.2633 -48.7632 -28.6108 -19.9737
-61.8702 -49.5031 -53.3392 -65.8274 -55.7173 -69.6215 -67.4577 -61.0544 -65.0794 -69.2149 -56.0727 -55.6954 -68.3878 -46.4174 -49.6079 -60.6639  -52.789 -62.3304 -42.0551 -129.778 -39.4572  -75.326 -70.8943 -71.0281 -50.6114 -61.5876  -72.815 -38.8268 -57.3744 -65.7596  -60.431 -67.1624 -47.5587 -77.0711 -54.5831 -76.7882 -48.9472 -84.9114  -62.877 -45.6227
-28.5053 -13.4317 -26.0728 -30.6821 -9.21669 -31.4741 -22.3066  -32.339 -20.8347 -25.5945 -28.8919 -23.6678 -26.6224 -9.26826 -27.5129 -15.7364  -32.384 -37.0723 -16.7755 -39.4572 -65.4579 -34.9675 -29.5782 -31.6328 -9.92657 -13.4561 -27.5228 -18.7156 -39.7827 -33.1044 -30.5707 -15.5938 -15.4948 -36.0863 -15.8083 -46.9692 -24.2631  -45.727 -32.1212   -27.05
-46.4007 -62.3711  -48.008  -35.151 -35.9215 -63.3658 -71.7007 -65.1003 -59.1397 -44.8127 -56.8139 -42.9912 -69.8438 -42.6704  -46.968 -47.4627 -56.6674 -74.1193 -45.1385  -75.326 -34.9675   -124.2 -50.9327 -59.8282 -53.9682 -52.9147 -42.3623 -37.3863 -55.7294 -70.9517  -58.043 -75.1524 -52.4501  -79.974 -36.6935 -65.8464 -40.4779 -77.3215 -52.4467 -46.4349
-43.0648 -45.0915 -42.1226 -37.3295 -35.7709 -43.2994 -54.4338 -42.1125 -51.3698 -28.6559 -37.8152 -56.8189 -48.7871 -28.4739 -32.0034 -51.8975 -38.4583 -38.8415 -35.9845 -70.8943 -29.5782 -50.9327 -89.1464 -46.2012 -20.6168 -28.4207 -26.6321 -24.0343 -34.3542 -54.2115 -35.6962 -45.7395 -28.5982 -57.1804 -26.3214 -47.9497  -33.648 -61.7767 -45.4541 -18.0226
-33.7124  -39.065  -31.811 -40.6064 -52.7705 -48.7213 -50.9406 -45.4306  -29.814 -28.0364 -44.3325 -45.5723 -52.3332 -34.0074 -46.0858 -37.8156 -49.4753  -59.801 -33.7952 -71.0281 -31.6328 -59.8282 -46.2012 -101.533 -26.2956 -36.5497 -44.0556 -45.1527 -54.6532 -45.9021 -42.9343 -43.8088 -17.2259 -56.1858 -21.5873 -62.1449 -38.8583 -67.7317 -44.8864  -35.186
-35.6674 -28.2499 -7.92461 -18.0418 -25.7982 -32.9633 -25.0865  -26.426 -30.6903 -25.4948 -38.0694 -13.6151 -22.7166 -7.97857 -18.7762 -17.4343 -39.0624 -41.6822 -9.08588 -50.6114 -9.92657 -53.9682 -20.6168 -26.2956  -80.568 -40.7893 -21.5512 -12.8375 -34.1606 -43.2352 -20.5623 -48.4676 -22.4027  -45.066 -26.1054 -32.5988 -13.2159 -45.9562 -31.4042 -21.7971
-45.1282 -43.2076 -18.2192  -31.039 -34.8866 -40.5845 -53.2506 -46.7839 -31.4528 -45.5938 -43.5015 -34.8322 -39.2285 -38.0838  -35.815 -40.2262 -33.7026 -23.6292 -13.8564 -61.5876 -13.4561 -52.9147 -28.4207 -36.5497 -40.7893 -97.3157 -45.1615 -21.6396 -55.4962 -55.8064 -42.7919 -46.5417 -33.5379  -37.911 -32.0432 -59.5166  -29.229 -41.1776 -44.2445 -25.9185
-35.0331 -21.1699 -37.9978 -38.3329 -29.5101 -35.0608 -39.6984 -40.9799 -28.6196 -47.6408 -32.8002 -34.3068 -45.5442 -29.5292 -30.9047 -29.4131 -31.5809 -37.6055 -11.7215  -72.815 -27.5228 -42.3623 -26.6321 -44.0556 -21.5512 -45.1615 -94.4309 -22.7601 -30.6453 -34.8261 -47.0962 -29.6139 -27.6285 -45.3406 -39.0577 -56.9015 -38.6961 -49.6364 -33.8715 -35.9302
-30.8179 -19.6663 -14.5867 -18.2966 -23.9329 -46.5239 -32.5919 -41.2808 -27.3078 -14.0118 -25.5529 -18.6146 -30.6803 -20.3606  -22.855 -20.3894 -23.2575 -23.8491  -11.422 -38.8268 -18.7156 -37.3863 -24.0343 -45.1527 -12.8375 -21.6396 -22.7601 -76.4901 -40.2033 -33.8462 -41.3997 -22.3169 -15.8637 -27.2212 -18.2365 -29.5226 -16.1969 -24.7781 -42.7989 -31.4582
-47.4422 -35.1535 -14.9789  -37.751 -42.6072 -55.8035 -49.7589 -57.9377 -37.0162 -29.4791 -48.0155 -31.4131 -40.2933 -38.8431 -58.4477 -22.8962 -46.3994 -59.8431 -38.6475 -57.3744 -39.7827 -55.7294 -34.3542 -54.6532 -34.1606 -55.4962 -30.6453 -40.2033 -117.985 -66.0905 -49.1339 -39.4042 -19.2093 -60.1771 -40.2257 -55.9058 -36.0461 -53.6442 -58.7852 -44.8904
-53.0749 -51.9686 -17.2601 -38.0871 -35.1054 -60.0239 -58.9175 -62.5372 -37.6713   -41.62 -50.9592 -46.1361  -50.981 -40.1425 -37.2174  -43.066 -44.5463  -49.742 -30.1774 -65.7596 -33.1044 -70.9517 -54.2115 -45.9021 -43.2352 -55.8064 -34.8261 -33.8462 -66.0905 -98.7044 -44.4664 -51.4752 -32.3225 -67.4181 -45.2066 -51.9108 -38.2194 -61.1486 -52.1447 -49.0401
-54.1415 -27.4434 -28.3106 -28.2055 -23.2761 -37.5011 -42.9979 -67.6927 -44.2837 -47.9924 -44.4943 -42.9976 -48.9592 -35.1659  -46.755 -36.1456 -33.2922 -34.7544 -27.4458  -60.431 -30.5707  -58.043 -35.6962 -42.9343 -20.5623 -42.7919 -47.0962 -41.3997 -49.1339 -44.4664 -96.3594 -41.2759 -40.5863 -57.8817 -35.8126 -52.5173 -27.2751 -52.4741 -33.7231 -34.3282
-59.4184 -36.3365 -39.1762  -33.361 -14.5299 -49.3832  -39.143 -44.0419 -46.1112 -39.3439 -37.3973 -25.5453 -55.1789 -28.5742 -20.3576 -34.3085 -30.7178 -56.8203 -36.2296 -67.1624 -15.5938 -75.1524 -45.7395 -43.8088 -48.4676 -46.5417 -29.6139 -22.3169 -39.4042 -51.4752 -41.2759 -106.486 -34.4868 -50.9657 -18.9112 -58.0216 -9.98615 -47.5434 -42.0719 -32.5317
-35.9844 -28.6808 -34.7203 -17.7075 -21.4706 -16.8147 -30.3923 -42.3834 -34.4925 -33.9134 -27.3699 -22.6653 -48.1756 -29.9717 -31.8199 -38.8891 -29.1538   -26.83 -22.1776 -47.5587 -15.4948 -52.4501 -28.5982 -17.2259 -22.4027 -33.5379 -27.6285 -15.8637 -19.2093 -32.3225 -40.5863 -34.4868 -62.8123 -55.9018 -20.3977 -35.9003 -23.7606 -36.0282 -19.5472 -32.8465
-57.5433 -48.6017 -46.6685 -36.1762 -40.0486 -42.2368 -50.8531 -65.5286 -47.2568 -36.7247 -49.1124 -46.5944  -55.746   -50.57 -61.0301 -56.6835 -57.3862 -74.2149 -34.2736 -77.0711 -36.0863  -79.974 -57.1804 -56.1858  -45.066  -37.911 -45.3406 -27.2212 -60.1771 -67.4181 -57.8817 -50.9657 -55.9018 -118.892  -39.599 -57.4499 -44.9436 -84.3459  -50.361 -52.3194
-26.1648 -28.1917 -16.2647 -29.8557 -21.8368 -33.9681  -39.952 -29.9477 -31.8367 -33.2393 -28.7561 -23.7179 -30.8368 -21.0279 -39.8124 -35.7618 -27.8095 -25.8987 -26.8261 -54.5831 -15.8083 -36.6935 -26.3214 -21.5873 -26.1054 -32.0432 -39.0577 -18.2365 -40.2257 -45.2066 -35.8126 -18.9112 -20.3977  -39.599 -66.1857 -31.3239 -24.2954 -51.7166 -32.1978 -22.0154
-44.5914 -45.5691 -40.8988 -46.8501  -29.348 -42.5588 -50.1955 -50.9689 -33.8921 -41.8676 -30.6725 -34.4789 -60.6359 -28.7471   -47.95 -42.5846 -44.6295 -52.9239 -46.3736 -76.7882 -46.9692 -65.8464 -47.9497 -62.1449 -32.5988 -59.5166 -56.9015 -29.5226 -55.9058 -51.9108 -52.5173 -58.0216 -35.9003 -57.4499 -31.3239 -106.137 -38.7162  -76.557 -39.8412 -43.7626
-19.3279 -32.7815 -18.5841 -28.3602  -43.934 -30.9302 -36.6131 -50.3891 -11.8873 -36.7741  -30.859 -36.8316 -40.9081 -26.3363 -22.5489  -39.914   -29.48 -36.4398 -38.2633 -48.9472 -24.2631 -40.4779  -33.648 -38.8583 -13.2159  -29.229 -38.6961 -16.1969 -36.0461 -38.2194 -27.2751 -9.98615 -23.7606 -44.9436 -24.2954 -38.7162 -89.1787 -57.8398 -46.7543 -17.4803
-45.3383 -53.7158 -42.9153 -37.2133 -36.2656 -48.2504 -61.5026 -68.3401 -45.7139  -45.182 -54.6508 -51.8265 -51.0675 -36.0719 -50.3586 -61.1781 -57.2146 -74.3707 -48.7632 -84.9114  -45.727 -77.3215 -61.7767 -67.7317 -45.9562 -41.1776 -49.6364 -24.7781 -53.6442 -61.1486 -52.4741 -47.5434 -36.0282 -84.3459 -51.7166  -76.557 -57.8398 -139.441 -63.5673 -44.8873
-43.4886 -39.8924 -27.6571 -26.3018 -33.9139 -72.1028 -53.9312 -60.1508 -37.2031 -31.9228 -47.7682  -37.684   -33.92 -36.7291 -37.0164 -41.2462 -48.5438 -38.9205 -28.6108  -62.877 -32.1212 -52.4467 -45.4541 -44.8864 -31.4042 -44.2445 -33.8715 -42.7989 -58.7852 -52.1447 -33.7231 -42.0719 -19.5472  -50.361 -32.1978 -39.8412 -46.7543 -63.5673 -97.4699 -32.8243
-34.7598 -16.2712  -23.007 -20.9535 -16.3839 -38.5272 -33.7929 -46.9946 -15.8115 -20.9443 -22.6011 -13.9291  -37.832 -31.2871 -29.6093 -16.6987 -22.5151 -43.9973 -19.9737 -45.6227   -27.05 -46.4349 -18.0226  -35.186 -21.7971 -25.9185 -35.9302 -31.4582 -44.8904 -49.0401 -34.3282 -32.5317 -32.8465 -52.3194 -22.0154 -43.7626 -17.4803 -44.8873 -32.8243 -78.8882
 0.519923 0.0860778 -0.560851   1.22014   1.52385   1.31196   1.86813   1.34805 -0.522769   2.06398  0.957164   1.45668   2.06118  0.193887   1.18304   2.39236   1.99958 -0.293055   2.45144   2.87875        -0        -0        -0        -0        -0        -0        -0        -0        -0        -0        -0        -0        -0        -0        -0        -0        -0        -0        -0        -0
0.0860778   1.46428   2.48537   1.06956 -0.433855 -0.315822 -0.383456  0.146649    2.7617  0.120131   2.52597    2.6878   1.96906 -0.923119   -0.1026 -0.747912   1.21011   1.62329   2.62391  0.807306        -0        -0        -0        -0        -0        -0        -0        -0        -0        -0        -0        -0        -0        -0        -0        -0        -0        -0        -0        -0
 -0.560851    2.48537  -0.820042 -0.0243556    1.22013  0.0280138    2.42148    1.77035    2.78605 -0.0780429    2.34511  -0.232647  0.0571075   0.158917  -0.925255    1.76938    1.78941  -0.536568    1.72464    2.71042         -0         -0         -0         -0         -0         -0         -0         -0         -0         -0         -0         -0         -0         -0         -0         -0         -0         -0         -0         -0
   1.22014    1.06956 -0.0243556   0.814082    1.69857    0.54649    2.04195    2.40321   -0.47525    1.30585    1.15202    0.95171  -0.264058  -0.263282    1.56692    2.30942    1.16644    1.79282    2.96411    1.45388         -0         -0         -0         -0         -0         -0         -0         -0         -0         -0         -0         -0         -0         -0         -0         -0         -0         -0         -0         -0
  1.52385 -0.433855   1.22013   1.69857   1.87689   1.11976   1.91866  -0.84274  0.284457   2.61124 -0.463391 -0.512502   1.72823    2.8472   2.32839    1.4812    0.4212   1.30306 -0.772764   1.99805        -0        -0        -0        -0        -0        -0        -0        -0        -0        -0        -0        -0        -0        -0        -0        -0        -0        -0        -0        -0
   1.31196  -0.315822  0.0280138    0.54649    1.11976   0.698969     2.2858    1.50515   0.493089    1.10106  -0.551494 -0.0157196    2.31408   0.161337    1.52057    1.23439  -0.582389  -0.065269  -0.711609   0.720782         -0         -0         -0         -0         -0         -0         -0         -0         -0         -0         -0         -0         -0         -0         -0         -0         -0         -0         -0         -0
  1.86813 -0.383456   2.42148   2.04195   1.91866    2.2858   2.93479   2.33525   1.69203 -0.533625   1.50413    1.7312   1.02194 -0.183842   2.43831  0.954719  0.180498 -0.792906   1.95798   1.45022        -0        -0        -0        -0        -0        -0        -0        -0        -0        -0        -0        -0        -0        -0        -0        -0        -0        -0        -0        -0
  1.34805  0.146649   1.77035   2.40321  -0.84274   1.50515   2.33525  0.698391 -0.493816  0.388147 -0.947595   1.78029 -0.411537 -0.933974   1.74366 -0.975606  0.793629 -0.496604   2.06495   -0.3936        -0        -0        -0        -0        -0        -0        -0        -0        -0        -0        -0        -0        -0        -0        -0        -0        -0        -0        -0        -0
 -0.522769     2.7617    2.78605   -0.47525   0.284457   0.493089    1.69203  -0.493816    2.35213    2.21495  -0.112847    2.89324    1.03743    2.66789    2.69759    2.72134    1.86197  -0.155664    2.80686 -0.0883623         -0         -0         -0         -0         -0         -0         -0         -0         -0         -0         -0         -0         -0         -0         -0         -0         -0         -0         -0         -0
   2.06398   0.120131 -0.0780429    1.30585    2.61124    1.10106  -0.533625   0.388147    2.21495    2.73333  -0.445369  -0.983135  -0.303912 -0.0519977    2.08998    0.18848  -0.739418  -0.634973   0.976239  -0.759817         -0         -0         -0         -0         -0         -0         -0         -0         -0         -0         -0         -0         -0         -0         -0         -0         -0         -0         -0         -0
 0.957164   2.52597   2.34511   1.15202 -0.463391 -0.551494   1.50413 -0.947595 -0.112847 -0.445369   1.83722  -0.57479  0.663639  0.172004   1.05218   2.60502  0.833944   1.40133  0.624006 0.0767203        -0        -0        -0        -0        -0        -0        -0        -0        -0        -0        -0        -0        -0        -0        -0        -0        -0        -0        -0        -0
   1.45668     2.6878  -0.232647    0.95171  -0.512502 -0.0157196     1.7312    1.78029    2.89324  -0.983135   -0.57479   0.850404  -0.505884    1.72907   -0.10852   0.904377    1.25432    2.84392    -0.4862  -0.636924         -0         -0         -0         -0         -0         -0         -0         -0         -0         -0         -0         -0         -0         -0         -0         -0         -0         -0         -0         -0
  2.06118   1.96906 0.0571075 -0.264058   1.72823   2.31408   1.02194 -0.411537   1.03743 -0.303912  0.663639 -0.505884 -0.616115   2.91706   2.16686   1.08588 -0.487331   1.57514 -0.400474   2.86409        -0        -0        -0        -0        -0        -0        -0        -0        -0        -0        -0        -0        -0        -0        -0        -0        -0        -0        -0        -0
  0.193887  -0.923119   0.158917  -0.263282     2.8472   0.161337  -0.183842  -0.933974    2.66789 -0.0519977   0.172004    1.72907    2.91706    1.22911    2.21109    2.67977  -0.396674   0.190742    1.08744    2.80137         -0         -0         -0         -0         -0         -0         -0         -0         -0         -0         -0         -0         -0         -0         -0         -0         -0         -0         -0         -0
  1.18304   -0.1026 -0.925255   1.56692   2.32839   1.52057   2.43831   1.74366   2.69759   2.08998   1.05218  -0.10852   2.16686   2.21109  0.628198 -0.528701  0.563746   1.01036   2.30662 -0.672817        -0        -0        -0        -0        -0        -0        -0        -0        -0        -0        -0        -0        -0        -0        -0        -0        -0        -0        -0        -0
  2.39236 -0.747912   1.76938   2.30942    1.4812   1.23439  0.954719 -0.975606   2.72134   0.18848   2.60502  0.904377   1.08588   2.67977 -0.528701   0.41427   1.99387   2.99634   1.90258 -0.908672        -0        -0        -0        -0        -0        -0        -0        -0        -0        -0        -0        -0        -0        -0        -0        -0        -0        -0        -0        -0
  1.99958   1.21011   1.78941   1.16644    0.4212 -0.582389  0.180498  0.793629   1.86197 -0.739418  0.833944   1.25432 -0.487331 -0.396674  0.563746   1.99387   1.83772  0.608353   2.02217 -0.910244        -0        -0        -0        -0        -0        -0        -0        -0        -0        -0        -0        -0        -0        -0        -0        -0        -0        -0        -0        -0
-0.293055   1.62329 -0.536568   1.79282   1.30306 -0.065269 -0.792906 -0.496604 -0.155664 -0.634973   1.40133   2.84392   1.57514  0.190742   1.01036   2.99634  0.608353   2.19086   2.51372   2.28516        -0        -0        -0        -0        -0        -0        -0        -0        -0        -0        -0        -0        -0        -0        -0        -0        -0        -0        -0        -0
  2.45144   2.62391   1.72464   2.96411 -0.772764 -0.711609   1.95798   2.06495   2.80686  0.976239  0.624006   -0.4862 -0.400474   1.08744   2.30662   1.90258   2.02217   2.51372   2.40598   2.15628        -0        -0        -0        -0        -0        -0        -0        -0        -0        -0        -0        -0        -0        -0        -0        -0        -0        -0        -0        -0
   2.87875   0.807306    2.71042    1.45388    1.99805   0.720782    1.45022    -0.3936 -0.0883623  -0.759817  0.0767203  -0.636924    2.86409    2.80137  -0.672817  -0.908672  -0.910244    2.28516    2.15628    2.89661         -0         -0         -0         -0         -0         -0         -0         -0         -0         -0         -0         -0         -0         -0         -0         -0         -0         -0         -0         -0
        -0         -0         -0         -0         -0         -0         -0         -0         -0         -0         -0         -0         -0         -0         -0         -0         -0         -0         -0         -0  -0.519923 -0.0860778   0.560851   -1.22014   -1.52385   -1.31196   -1.86813   -1.34805   0.522769   -2.06398  -0.957164   -1.45668   -2.06118  -0.193887   -1.18304   -2.39236   -1.99958   0.293055   -2.45144   -2.87875
        -0         -0         -0         -0         -0         -0         -0         -0         -0         -0         -0         -0         -0         -0         -0         -0         -0         -0         -0         -0 -0.0860778   -1.46428   -2.48537   -1.06956   0.433855   0.315822   0.383456  -0.146649    -2.7617  -0.120131   -2.52597    -2.6878   -1.96906   0.923119     0.1026   0.747912   -1.21011   -1.62329   -2.62391  -0.807306
        -0         -0         -0         -0         -0         -0         -0         -0         -0         -0         -0         -0         -0         -0         -0         -0         -0         -0         -0         -0   0.560851   -2.48537   0.820042  0.0243556   -1.22013 -0.0280138   -2.42148   -1.77035   -2.78605  0.0780429   -2.34511   0.232647 -0.0571075  -0.158917   0.925255   -1.76938   -1.78941   0.536568   -1.72464   -2.71042
       -0        -0        -0        -0        -0        -0        -0        -0        -0        -0        -0        -0        -0        -0        -0        -0        -0        -0        -0        -0  -1.22014  -1.06956 0.0243556 -0.814082  -1.69857  -0.54649  -2.04195  -2.40321   0.47525  -1.30585  -1.15202  -0.95171  0.264058  0.263282  -1.56692  -2.30942  -1.16644  -1.79282  -2.96411  -1.45388
       -0        -0        -0        -0        -0        -0        -0        -0        -0        -0        -0        -0        -0        -0        -0        -0        -0        -0        -0        -0  -1.52385  0.433855  -1.22013  -1.69857  -1.87689  -1.11976  -1.91866   0.84274 -0.284457  -2.61124  0.463391  0.512502  -1.72823   -2.8472  -2.32839   -1.4812   -0.4212  -1.30306  0.772764  -1.99805
        -0         -0         -0         -0         -0         -0         -0         -0         -0         -0         -0         -0         -0         -0         -0         -0         -0         -0         -0         -0   -1.31196   0.315822 -0.0280138   -0.54649   -1.11976  -0.698969    -2.2858   -1.50515  -0.493089   -1.10106   0.551494  0.0157196   -2.31408  -0.161337   -1.52057   -1.23439   0.582389   0.065269   0.711609  -0.720782
       -0        -0        -0        -0        -0        -0        -0        -0        -0        -0        -0        -0        -0        -0        -0        -0        -0        -0        -0        -0  -1.86813  0.383456  -2.42148  -2.04195  -1.91866   -2.2858  -2.93479  -2.33525  -1.69203  0.533625  -1.50413   -1.7312  -1.02194  0.183842  -2.43831 -0.954719 -0.180498  0.792906  -1.95798  -1.45022
       -0        -0        -0        -0        -0        -0        -0        -0        -0        -0        -0        -0        -0        -0        -0        -0        -0        -0        -0        -0  -1.34805 -0.146649  -1.77035  -2.40321   0.84274  -1.50515  -2.33525 -0.698391  0.493816 -0.388147  0.947595  -1.78029  0.411537  0.933974  -1.74366  0.975606 -0.793629  0.496604  -2.06495    0.3936
       -0        -0        -0        -0        -0        -0        -0        -0        -0        -0        -0        -0        -0        -0        -0        -0        -0        -0        -0        -0  0.522769   -2.7617  -2.78605   0.47525 -0.284457 -0.493089  -1.69203  0.493816  -2.35213  -2.21495  0.112847  -2.89324  -1.03743  -2.66789  -2.69759  -2.72134  -1.86197  0.155664  -2.80686 0.0883623
       -0        -0        -0        -0        -0        -0        -0        -0        -0        -0        -0        -0        -0        -0        -0        -0        -0        -0        -0        -0  -2.06398 -0.120131 0.0780429  -1.30585  -2.61124  -1.10106  0.533625 -0.388147  -2.21495  -2.73333  0.445369  0.983135  0.303912 0.0519977  -2.08998  -0.18848  0.739418  0.634973 -0.976239  0.759817
        -0         -0         -0         -0         -0         -0         -0         -0         -0         -0         -0         -0         -0         -0         -0         -0         -0         -0         -0         -0  -0.957164   -2.52597   -2.34511   -1.15202   0.463391   0.551494   -1.50413   0.947595   0.112847   0.445369   -1.83722    0.57479  -0.663639  -0.172004   -1.05218   -2.60502  -0.833944   -1.40133  -0.624006 -0.0767203
       -0        -0        -0        -0        -0        -0        -0        -0        -0        -0        -0        -0        -0        -0        -0        -0        -0        -0        -0        -0  -1.45668   -2.6878  0.232647  -0.95171  0.512502 0.0157196   -1.7312  -1.78029  -2.89324  0.983135   0.57479 -0.850404  0.505884  -1.72907   0.10852 -0.904377  -1.25432  -2.84392    0.4862  0.636924
        -0         -0         -0         -0         -0         -0         -0         -0         -0         -0         -0         -0         -0         -0         -0         -0         -0         -0         -0         -0   -2.06118   -1.96906 -0.0571075   0.264058   -1.72823   -2.31408   -1.02194   0.411537   -1.03743   0.303912  -0.663639   0.505884   0.616115   -2.91706   -2.16686   -1.08588   0.487331   -1.57514   0.400474   -2.86409
       -0        -0        -0        -0        -0        -0        -0        -0        -0        -0        -0        -0        -0        -0        -0        -0        -0        -0        -0        -0 -0.193887  0.923119 -0.158917  0.263282   -2.8472 -0.161337  0.183842  0.933974  -2.66789 0.0519977 -0.172004  -1.72907  -2.91706  -1.22911  -2.21109  -2.67977  0.396674 -0.190742  -1.08744  -2.80137
       -0        -0        -0        -0        -0        -0        -0        -0        -0        -0        -0        -0        -0        -0        -0        -0        -0        -0        -0        -0  -1.18304    0.1026  0.925255  -1.56692  -2.32839  -1.52057  -2.43831  -1.74366  -2.69759  -2.08998  -1.05218   0.10852  -2.16686  -2.21109 -0.628198  0.528701 -0.563746  -1.01036  -2.30662  0.672817
       -0        -0        -0        -0        -0        -0        -0        -0        -0        -0        -0        -0        -0        -0        -0        -0        -0        -0        -0        -0  -2.39236  0.747912  -1.76938  -2.30942   -1.4812  -1.23439 -0.954719  0.975606  -2.72134  -0.18848  -2.60502 -0.904377  -1.08588  -2.67977  0.528701  -0.41427  -1.99387  -2.99634  -1.90258  0.908672
       -0        -0        -0        -0        -0        -0        -0        -0        -0        -0        -0        -0        -0        -0        -0        -0        -0        -0        -0        -0  -1.99958  -1.21011  -1.78941  -1.16644   -0.4212  0.582389 -0.180498 -0.793629  -1.86197  0.739418 -0.833944  -1.25432  0.487331  0.396674 -0.563746  -1.99387  -1.83772 -0.608353  -2.02217  0.910244
       -0        -0        -0        -0        -0        -0        -0        -0        -0        -0        -0        -0        -0        -0        -0        -0        -0        -0        -0        -0  0.293055  -1.62329  0.536568  -1.79282  -1.30306  0.065269  0.792906  0.496604  0.155664  0.634973  -1.40133  -2.84392  -1.57514 -0.190742  -1.01036  -2.99634 -0.608353  -2.19086  -2.51372  -2.28516
       -0        -0        -0        -0        -0        -0        -0        -0        -0        -0        -0        -0        -0        -0        -0        -0        -0        -0        -0        -0  -2.45144  -2.62391  -1.72464  -2.96411  0.772764  0.711609  -1.95798  -2.06495  -2.80686 -0.976239 -0.624006    0.4862  0.400474  -1.08744  -2.30662  -1.90258  -2.02217  -2.51372  -2.40598  -2.15628
        -0         -0         -0         -0         -0         -0         -0         -0         -0         -0         -0         -0         -0         -0         -0         -0         -0         -0         -0         -0   -2.87875  -0.807306   -2.71042   -1.45388   -1.99805  -0.720782   -1.45022     0.3936  0.0883623   0.759817 -0.0767203   0.636924   -2.86409   -2.80137   0.672817   0.908672   0.910244   -2.28516   -2.15628   -2.89661
 0.261398 -0.746218 -0.870034   1.43671   2.21455  0.680446   2.97179  0.303366   2.89467 -0.577159    2.8324  -0.62817   1.08522   1.10539   2.38179   1.79057   1.10329    2.4597  0.263233   2.96682        -0        -0        -0        -0        -0        -0        -0        -0        -0        -0        -0        -0        -0        -0        -0        -0        -0        -0        -0        -0
-0.746218   1.65796   1.65978   1.77487 -0.986639   2.26255   1.47633   1.19548   2.03066  0.172936 -0.257521   0.32045   1.54144 -0.315467   2.03022  0.299119   2.47241   2.79415 -0.941713  0.405322        -0        -0        -0        -0        -0        -0        -0        -0        -0        -0        -0        -0        -0        -0        -0        -0        -0        -0        -0        -0
 -0.870034    1.65978 -0.0866094    1.07596    1.63268    2.23998     2.1666  -0.945315   0.525182  -0.588224     1.2102    1.23656   0.392452    2.91071    2.14286  -0.522597     1.3601    2.05424    2.00064    2.39765         -0         -0         -0         -0         -0         -0         -0         -0         -0         -0         -0         -0         -0         -0         -0         -0         -0         -0         -0         -0
    1.43671     1.77487     1.07596     1.58248     1.53533     1.83957     2.39127     1.04195   -0.146499     1.75088   -0.250997 -0.00770651     1.33473      2.3084   -0.284052     1.68569      2.3773   -0.482311   -0.377953    0.719265          -0          -0          -0          -0          -0          -0          -0          -0          -0          -0          -0          -0          -0          -0          -0          -0          -0          -0          -0          -0
   2.21455  -0.986639    1.63268    1.53533    2.88911    1.18394   0.846562  -0.701215    1.63696  -0.599712   0.328831    2.13691   0.981206    -0.8232    1.83125    1.75911 -0.0175657    2.14512    1.41168  -0.128633         -0         -0         -0         -0         -0         -0         -0         -0         -0         -0         -0         -0         -0         -0         -0         -0         -0         -0         -0         -0
  0.680446    2.26255    2.23998    1.83957    1.18394    1.71012   -0.24827    2.06643   0.978028    1.16845  -0.888309    2.35157   0.248997 -0.0450413  -0.461996  -0.139042    0.95675    2.38103    2.87054   0.773066         -0         -0         -0         -0         -0         -0         -0         -0         -0         -0         -0         -0         -0         -0         -0         -0         -0         -0         -0         -0
  2.97179   1.47633    2.1666   2.39127  0.846562  -0.24827 -0.558276   1.66965   2.99627   1.92548  0.964391 -0.750283   1.98453  0.840236  0.187015 -0.437977  -0.17188 -0.593068   1.73997 -0.545855        -0        -0        -0        -0        -0        -0        -0        -0        -0        -0        -0        -0        -0        -0        -0        -0        -0        -0        -0        -0
  0.303366    1.19548  -0.945315    1.04195  -0.701215    2.06643    1.66965     2.8968 -0.0466121   -0.62063 -0.0183906     1.9314    2.58942    2.78076   0.983858   0.468104    2.44741     2.0341   0.626038    1.29416         -0         -0         -0         -0         -0         -0         -0         -0         -0         -0         -0         -0         -0         -0         -0         -0         -0         -0         -0         -0
   2.89467    2.03066   0.525182  -0.146499    1.63696   0.978028    2.99627 -0.0466121    1.55617  -0.633161  -0.317174   -0.53715  -0.968981     2.9636    1.18286  -0.770954    2.39364  -0.105171   0.302468 -0.0233962         -0         -0         -0         -0         -0         -0         -0         -0         -0         -0         -0         -0         -0         -0         -0         -0         -0         -0         -0         -0
-0.577159  0.172936 -0.588224   1.75088 -0.599712   1.16845   1.92548  -0.62063 -0.633161  0.589808   2.07658 -0.539471 -0.986295  0.353684 -0.410516   1.02777    1.0597   1.28003     1.326   1.63644        -0        -0        -0        -0        -0        -0        -0        -0        -0        -0        -0        -0        -0        -0        -0        -0        -0        -0        -0        -0
    2.8324  -0.257521     1.2102  -0.250997   0.328831  -0.888309   0.964391 -0.0183906  -0.317174    2.07658    2.02799   0.282065   0.564471  -0.932457   0.599314  -0.791885   0.875994   0.105946  0.0694377    2.11059         -0         -0         -0         -0         -0         -0         -0         -0         -0         -0         -0         -0         -0         -0         -0         -0         -0         -0         -0         -0
   -0.62817     0.32045     1.23656 -0.00770651     2.13691     2.35157   -0.750283      1.9314    -0.53715   -0.539471    0.282065    -0.70475    -0.59715     1.04882   -0.711746     2.61084     1.18421     1.99812   -0.237834     1.23984          -0          -0          -0          -0          -0          -0          -0          -0          -0          -0          -0          -0          -0          -0          -0          -0          -0          -0          -0          -0
  1.08522   1.54144  0.392452   1.33473  0.981206  0.248997   1.98453   2.58942 -0.968981 -0.986295  0.564471  -0.59715  0.334155   2.89512  0.274017  0.057991   2.35881  0.752446   1.12015   1.69473        -0        -0        -0        -0        -0        -0        -0        -0        -0        -0        -0        -0        -0        -0        -0        -0        -0        -0        -0        -0
   1.10539  -0.315467    2.91071     2.3084    -0.8232 -0.0450413   0.840236    2.78076     2.9636   0.353684  -0.932457    1.04882    2.89512   0.459994    0.51002    2.35098     1.3534    2.46604  -0.876323    1.11123         -0         -0         -0         -0         -0         -0         -0         -0         -0         -0         -0         -0         -0         -0         -0         -0         -0         -0         -0         -0
  2.38179   2.03022   2.14286 -0.284052   1.83125 -0.461996  0.187015  0.983858   1.18286 -0.410516  0.599314 -0.711746  0.274017   0.51002   2.59665 -0.673213 -0.130098   1.37542  0.279855   1.86188        -0        -0        -0        -0        -0        -0        -0        -0        -0        -0        -0        -0        -0        -0        -0        -0        -0        -0        -0        -0
  1.79057  0.299119 -0.522597   1.68569   1.75911 -0.139042 -0.437977  0.468104 -0.770954   1.02777 -0.791885   2.61084  0.057991   2.35098 -0.673213   2.88924   1.11793   1.73488  0.265273  0.106409        -0        -0        -0        -0        -0        -0        -0        -0        -0        -0        -0        -0        -0        -0        -0        -0        -0        -0        -0        -0
   1.10329    2.47241     1.3601     2.3773 -0.0175657    0.95675   -0.17188    2.44741    2.39364     1.0597   0.875994    1.18421    2.35881     1.3534  -0.130098    1.11793    2.21435   0.422795     2.5047   0.981776         -0         -0         -0         -0         -0         -0         -0         -0         -0         -0         -0         -0         -0         -0         -0         -0         -0         -0         -0         -0
   2.4597   2.79415   2.05424 -0.482311   2.14512   2.38103 -0.593068    2.0341 -0.105171   1.28003  0.105946   1.99812  0.752446   2.46604   1.37542   1.73488  0.422795   2.20354  0.686787  0.601857        -0        -0        -0        -0        -0        -0        -0        -0        -0        -0        -0        -0        -0        -0        -0        -0        -0        -0        -0        -0
 0.263233 -0.941713   2.00064 -0.377953   1.41168   2.87054   1.73997  0.626038  0.302468     1.326 0.0694377 -0.237834   1.12015 -0.876323  0.279855  0.265273    2.5047  0.686787 -0.700624   1.73245        -0        -0        -0        -0        -0        -0        -0        -0        -0        -0        -0        -0        -0        -0        -0        -0        -0        -0        -0        -0
   2.96682   0.405322    2.39765   0.719265  -0.128633   0.773066  -0.545855    1.29416 -0.0233962    1.63644    2.11059    1.23984    1.69473    1.11123    1.86188   0.106409   0.981776   0.601857    1.73245    2.28424         -0         -0         -0         -0         -0         -0         -0         -0         -0         -0         -0         -0         -0         -0         -0         -0         -0         -0         -0         -0
