60
1
60
  -0.116884   -0.146599  0.00784815   0.0584084   0.0789305   -0.032068  -0.0920509   0.0963335   0.0621326   0.0445471    0.210104    0.168901  -0.0722937   0.0132671    0.117247    0.235038  -0.0358674   -0.183994    0.260834    0.186189   -0.074204    0.118934  -0.0565707   0.0813083   0.0921215   -0.106087    0.046421   0.0536356   -0.269163  -0.0488953   0.0856451   0.0623923   -0.100685   -0.080232    0.132439    0.141517   0.0976781   0.0316968  -0.0983733   -0.194509     0.17124   -0.181365  -0.0261946  -0.0512617  -0.0830477    0.055992   0.0961103   -0.217875    0.256763   -0.127937    0.070505    0.129546 -0.00851227   -0.125284   0.0421143    0.263073     0.14689   -0.125388   -0.012141    0.180549
-113.661  -28.943 -49.6151 -49.9849 -38.2819 -70.6581 -52.4816 -71.1772 -46.0496 -37.7888 -54.1927  -44.084 -44.3192 -54.5837 -53.0053 -76.2468 -45.7935 -39.3224 -32.4869 -62.2385   -59.18 -11.2443 -59.9039 -52.3009 -45.3215 -75.5136  -39.513 -41.0696 -35.6868 -40.3843 -48.2786 -40.9307 -53.1675 -45.9493 -47.6489 -68.1176 -63.4481 -57.4836 -54.6166 -66.1805 -60.7953 -60.0959 -46.6292 -66.1406 -56.2758 -44.4177 -32.0352 -46.5006 -47.7651  -56.912 -48.1139 -63.6985 -52.8695 -35.7743 -41.6191 -40.3903 -71.2282 -68.7017  -41.009  -40.261
 -28.943 -125.023 -34.9003 -42.0158 -27.1601 -53.0336 -87.6383 -59.6786 -49.0752 -41.7779   -95.83 -37.3575  -60.345 -41.2925 -55.6677  -44.672 -48.2266 -44.4835 -37.7121  -48.244  -33.135 -48.8146 -51.6812 -60.5624 -19.1181 -51.8571 -35.7393 -34.0183 -39.3976 -40.9632 -37.6943 -39.9033 -29.6899 -58.2267 -15.2976 -26.2442 -49.4889 -55.3881 -58.5142 -71.3252 -60.3653 -61.7896 -45.5342 -58.5455 -35.1773 -51.8315 -42.9071 -28.1699 -51.8121 -46.0721 -66.4697 -51.9975 -47.3394 -27.3427 -48.8215 -75.6649 -60.1488 -36.2627  -31.842 -36.4701
-49.6151 -34.9003 -127.328 -38.6798 -41.8975 -46.5419  -43.952 -49.5211 -51.7812 -48.2904  -55.756 -55.7876 -52.3804 -52.9832 -71.5344 -67.9131 -67.2892 -45.7137 -29.4461 -47.4609 -62.8071  -10.796 -82.6341 -47.3271 -49.4941 -89.5067 -50.1071 -42.7048 -48.8645 -54.2282 -54.8744 -61.2998 -49.8077    -53.9 -39.1728 -79.0406 -45.4465 -75.3859 -53.5083  -93.138 -63.2278 -58.0852 -45.0949 -74.9673 -72.9564 -51.1926 -50.1601 -51.1164 -53.7833 -53.5419 -43.9922 -61.9527 -42.1066  -41.497 -58.0533 -37.1669 -48.4953 -61.3984 -46.5251  -34.767
-49.9849 -42.0158 -38.6798 -142.744 -53.9027   -55.24 -63.0308 -66.7721 -57.6079 -52.8237 -74.4616 -52.8118 -58.9887 -45.6635 -34.7008 -68.4611 -62.7724 -59.0289 -69.9692 -83.4894 -66.3489  -33.205 -70.3675 -63.5671 -43.6138  -63.761 -44.4344  -33.673 -48.5392 -51.4663 -81.9253 -42.5825 -75.6817 -53.8106 -30.2552 -68.7629 -72.0211 -56.4756  -43.701 -57.1901 -64.3127 -66.8669 -64.0487 -57.4462 -51.2264 -39.6008 -56.1347 -47.2884 -82.4956 -44.3791 -57.6872  -64.025 -55.1777 -31.9858 -49.7451  -76.776 -80.9783  -67.963 -53.3759  -64.141
-38.2819 -27.1601 -41.8975 -53.9027 -128.757 -40.1992 -50.5733 -44.7943 -24.7302 -46.8643 -36.7638 -42.0466 -19.8268 -31.3356 -30.6911 -55.6533 -41.9814 -41.5226 -36.1802 -42.9883 -47.5191 -22.2183 -61.2592  -52.115 -37.3535 -56.2513 -50.1289 -25.3837 -37.8962  -22.193 -56.9972 -33.4162 -55.9779 -67.4574 -16.3393 -60.5034 -41.5523 -53.0858 -55.0206 -29.5816 -52.9245 -70.5846 -46.4314 -62.3944 -34.8269 -26.5891 -53.1356  -19.591 -46.5124 -34.1649 -58.3849 -49.0046 -53.7175 -28.6941 -31.7469 -39.9254 -46.3969 -78.3903 -52.9091 -54.7549
-70.6581 -53.0336 -46.5419   -55.24 -40.1992 -147.824 -72.2399 -79.5664 -70.2559 -59.5324 -85.6572 -63.8536 -57.1469 -64.7694 -58.0734 -56.8751 -65.4739 -43.6944 -27.1525  -71.326 -69.0773 -33.6056 -66.0394 -54.0429 -55.6486  -87.786 -35.3191 -47.1786 -36.5511 -46.8953 -59.9556 -50.1069 -46.0655 -75.5174 -44.0862 -58.9889 -55.8474 -68.4753 -62.6964 -82.8874 -60.7283 -57.6094 -57.6933 -63.1431 -66.6345 -52.6963 -49.0735 -57.5997  -74.021 -60.8411 -72.1302 -82.2878 -69.6558 -30.9812 -67.0771 -86.8392 -85.5956 -65.4684 -43.8028  -53.497
-52.4816 -87.6383  -43.952 -63.0308 -50.5733 -72.2399 -150.763 -81.6216 -76.6109 -53.7748 -109.398  -53.912  -71.255 -76.7292 -64.1903 -69.1794 -57.5843 -54.7908 -58.3554 -60.3773 -69.8307 -37.5417 -63.2285 -77.2136 -41.5019 -73.9729 -47.1345 -43.1155 -63.0078 -60.6309 -52.0284 -48.4734 -66.6526 -59.2522 -27.9156 -59.2423 -65.3449 -83.5441 -85.4431 -73.7792 -75.7003 -91.5765 -65.1917 -80.3127 -67.2089 -59.0567 -52.4152 -49.4275  -72.137 -50.9596 -79.8082 -68.3632  -57.993 -40.0622 -71.9095 -83.1678 -67.6999 -56.1229 -55.5302 -71.5203
-71.1772 -59.6786 -49.5211 -66.7721 -44.7943 -79.5664 -81.6216 -141.854  -72.948 -71.2263 -92.5707 -58.6482 -62.9946 -73.3719 -58.4028 -76.5338 -91.1406  -42.675 -57.8751 -84.0971 -65.5382 -59.5316 -68.2328 -68.8243 -50.5508 -106.968 -50.2396 -57.6512 -47.4217 -65.8629 -51.4877 -55.0937 -46.5374 -64.4531 -55.6571 -70.5248 -85.5897  -77.147  -80.512 -76.8894 -68.0243 -79.9093 -64.2662 -76.2286 -84.1783  -58.004 -53.7074 -52.7146 -70.4064 -52.9702 -79.7484 -88.7727  -71.406 -35.7724 -89.7341 -90.8224 -72.6584 -85.0539 -49.6154 -73.4909
-46.0496 -49.0752 -51.7812 -57.6079 -24.7302 -70.2559 -76.6109  -72.948 -136.718  -46.895 -72.5385  -47.773 -65.5797 -68.8418 -64.8609 -43.7243 -68.4305  -54.409  -59.626 -58.1901 -69.7952 -24.2076 -81.2942 -47.2809 -42.4316 -93.1033 -41.1712 -44.7074  -51.421 -67.8909 -53.8332  -51.631 -46.9102 -36.3548 -44.5756 -65.4247 -47.4945 -78.9405 -89.5711 -69.9418 -59.0624  -75.622 -69.6463 -44.3152 -60.3397 -49.0586 -61.9865 -58.7868 -55.5481 -55.9766  -61.244 -89.6773 -39.9022 -48.0425 -51.5013 -70.9544 -73.1209 -57.3319  -35.005   -53.15
-37.7888 -41.7779 -48.2904 -52.8237 -46.8643 -59.5324 -53.7748 -71.2263  -46.895 -128.129 -54.9354  -49.567 -69.6368 -63.1883 -47.1482 -41.4277 -63.1352 -28.1229 -33.4004  -83.553 -47.1111 -49.1822 -40.5089  -48.966 -29.5883 -65.7243 -50.9347 -39.8296 -35.6927 -40.2912 -60.3151 -49.1588 -55.8754 -64.3004 -34.7523 -68.9955 -59.1373 -67.9081 -80.4205 -70.5589 -61.5789  -70.899 -43.7045 -60.1995 -55.4607 -53.7028 -44.0793  -47.615 -53.0988 -40.2687 -68.4333  -63.593 -38.6243 -26.8128 -57.7527  -59.911 -32.8219 -61.1586  -57.826 -66.8832
-54.1927   -95.83  -55.756 -74.4616 -36.7638 -85.6572 -109.398 -92.5707 -72.5385 -54.9354 -174.337 -65.6934 -90.0581 -67.0864 -68.9509  -73.997 -71.4012 -48.0968 -68.3723 -68.5024 -78.9315 -56.5481 -81.1268 -69.5502  -45.264 -97.6223 -38.3988 -65.0155 -77.8531 -83.1852  -69.449  -60.683 -53.1407 -62.7309 -34.3938 -54.1422 -74.0686 -94.7389 -83.5715 -96.7463 -87.3197 -82.0212  -68.485 -80.9299 -63.7378 -77.1107 -62.5299 -46.4829 -97.7625 -68.3693 -74.3757 -96.4937  -102.55 -55.4821 -85.8639 -93.7917 -93.8011 -77.9503 -68.7848 -65.4876
 -44.084 -37.3575 -55.7876 -52.8118 -42.0466 -63.8536  -53.912 -58.6482  -47.773  -49.567 -65.6934 -122.949 -54.3761 -47.5935 -43.8015 -70.8123   -61.74 -44.8003 -38.1992 -44.5014 -54.2724 -25.7225 -57.5381 -53.8218 -53.4269 -77.7268 -21.5878 -37.2424 -52.9443 -43.2262 -43.0019  -18.619 -48.9222 -40.1412 -29.6953 -60.4972  -43.179 -63.1583 -61.5118 -53.8981 -46.9682 -54.5811 -49.4702 -66.9776 -53.4049 -55.6355 -54.8139 -40.2489 -56.0151 -60.2521 -60.8442 -54.4777 -41.3758 -19.7933  -53.597 -65.0965 -48.4517 -55.5271 -43.5314 -45.1462
-44.3192  -60.345 -52.3804 -58.9887 -19.8268 -57.1469  -71.255 -62.9946 -65.5797 -69.6368 -90.0581 -54.3761 -126.932 -61.0915 -67.0874 -72.4335 -70.6269 -31.6333 -30.4775 -52.6873 -52.0498 -37.7725 -47.9014 -53.6039 -47.3634 -79.0787 -21.7709 -34.7416 -50.1324 -69.8943 -51.7876 -52.6082 -63.2387 -46.4377 -26.1734 -62.0544 -61.8793 -69.4917 -84.7102 -78.1517 -55.3596 -61.6039 -63.0162 -39.8692 -42.7118 -54.1635 -60.0741 -43.1275 -66.4575 -62.5799  -73.643 -73.5448 -41.3007 -37.7056 -64.3337 -67.8453  -64.837 -50.4076 -36.8663 -63.4741
-54.5837 -41.2925 -52.9832 -45.6635 -31.3356 -64.7694 -76.7292 -73.3719 -68.8418 -63.1883 -67.0864 -47.5935 -61.0915 -132.421 -68.1515 -53.4912 -53.5719 -40.9189 -46.9871 -55.9302 -55.3774 -28.6507 -75.7766 -44.5719 -38.6188 -99.0758 -48.8985  -50.833 -54.9897 -39.1591 -44.5175 -44.2116 -53.1539 -61.6788 -48.3017 -65.9824 -69.6902 -76.5879 -65.2936 -57.1344 -63.0391 -85.5596 -52.2458 -51.7311 -77.4606 -40.6394 -49.4633 -59.1369 -55.3481 -68.6592 -59.7277 -90.2341 -51.4126  -59.933 -86.4586 -50.7402 -69.5179   -62.27 -57.7439 -48.7962
-53.0053 -55.6677 -71.5344 -34.7008 -30.6911 -58.0734 -64.1903 -58.4028 -64.8609 -47.1482 -68.9509 -43.8015 -67.0874 -68.1515 -143.152 -56.7063 -58.1996 -36.1575 -28.4581 -45.7354 -58.4877 -21.0312 -78.7026 -59.1885 -29.9496 -73.8086 -35.9715 -52.8796 -42.5848  -58.754 -48.5313 -64.8788 -46.6445 -56.7389 -58.8504 -72.0435 -53.3842 -70.8656 -61.4789 -70.7289 -49.0301 -72.6787 -56.9884  -45.926 -71.2625    -48.4 -47.7258 -43.6449 -67.9682  -71.665 -64.3927  -80.282 -58.2469 -60.4646 -70.1767 -56.1494 -70.9159 -59.1125 -33.1667  -46.312
-76.2468  -44.672 -67.9131 -68.4611 -55.6533 -56.8751 -69.1794 -76.5338 -43.7243 -41.4277  -73.997 -70.8123 -72.4335 -53.4912 -56.7063 -150.145 -70.4982 -56.5743 -41.2626 -66.7703 -57.6687 -18.1956 -76.0051 -49.4906 -67.5971 -89.0227 -39.8627 -35.7625 -51.1802  -57.442   -57.91 -50.5121 -68.7955 -67.1365 -26.5148 -72.9453 -81.3185 -80.5547 -81.6196 -83.0184 -69.3818 -57.5227 -61.7629 -70.5213 -74.9154 -60.2987 -63.7913 -22.4562 -80.6046 -49.5889 -58.8725 -58.6958 -47.8574 -24.8282 -61.5583 -66.7981 -71.9442 -65.7942 -63.1398 -64.6433
-45.7935 -48.2266 -67.2892 -62.7724 -41.9814 -65.4739 -57.5843 -91.1406 -68.4305 -63.1352 -71.4012   -61.74 -70.6269 -53.5719 -58.1996 -70.4982 -155.462 -36.7397 -40.3254 -75.6504  -66.824 -44.2483 -66.5431 -50.4263  -50.763 -89.5175 -21.8571 -59.0812 -56.3865 -66.9087 -46.4945 -52.6389 -63.2271 -55.3181 -37.9414 -65.8238 -73.8018 -65.1632 -72.7161 -85.6575 -71.4216 -58.4606 -70.2145 -69.3026 -72.2554 -69.5897 -64.9773 -41.5543  -89.635  -46.231 -94.0998 -69.0453 -62.0507 -44.5838 -76.6755 -77.3354 -63.4133 -82.1076 -63.1437  -74.928
-39.3224 -44.4835 -45.7137 -59.0289 -41.5226 -43.6944 -54.7908  -42.675  -54.409 -28.1229 -48.0968 -44.8003 -31.6333 -40.9189 -36.1575 -56.5743 -36.7397 -109.793 -35.8391  -59.233 -34.3435 -11.9658 -52.8398 -42.6117 -35.0234 -64.4092 -41.9178 -24.0551 -43.8359 -21.9103 -56.2461 -23.3212 -37.0481 -33.4741 -18.0125 -54.7348 -34.6256 -39.7584 -66.1723 -60.8359 -74.4351  -67.827 -50.4558  -36.456 -57.3258 -42.6098 -39.9365 -42.0454 -50.8885 -26.0885 -33.7764 -61.9331 -39.8238 -33.8224 -24.3385 -51.1468 -54.2285 -50.4009 -27.0387 -35.2268
-32.4869 -37.7121 -29.4461 -69.9692 -36.1802 -27.1525 -58.3554 -57.8751  -59.626 -33.4004 -68.3723 -38.1992 -30.4775 -46.9871 -28.4581 -41.2626 -40.3254 -35.8391 -102.942 -52.8099 -53.5049  -30.553  -72.526 -56.4521 -19.5881 -45.3887 -37.8326 -51.6663  -45.457 -45.5203 -39.7762 -34.1495 -36.2848 -31.5329 -28.9087 -55.3692 -49.9835 -66.8801 -55.2026  -59.703 -48.9487 -58.3592 -36.8142 -59.0343 -55.5114 -34.9047 -38.5475 -37.9136 -47.1616 -42.1204 -51.6263 -55.7043 -55.5041 -29.6058 -46.7662 -63.1289 -57.5518 -44.8362 -40.1516 -36.7807
-62.2385  -48.244 -47.4609 -83.4894 -42.9883  -71.326 -60.3773 -84.0971 -58.1901  -83.553 -68.5024 -44.5014 -52.6873 -55.9302 -45.7354 -66.7703 -75.6504  -59.233 -52.8099 -169.065 -64.3169 -50.1379 -56.9973 -46.9387 -49.2406 -66.6238 -72.5577 -53.8583 -33.3557 -58.1675 -71.3902 -56.0745 -67.9579 -57.5709 -52.5308 -80.9063 -66.2301 -58.8052  -86.572 -79.3205 -80.9611 -67.4498  -68.998 -71.0453 -87.1455 -64.2535 -31.4431 -48.0567 -78.8317 -45.0598 -65.3699 -78.6152 -65.7112 -58.5742 -69.6392 -75.0054 -74.6095  -82.275 -49.7219 -57.8359
  -59.18  -33.135 -62.8071 -66.3489 -47.5191 -69.0773 -69.8307 -65.5382 -69.7952 -47.1111 -78.9315 -54.2724 -52.0498 -55.3774 -58.4877 -57.6687  -66.824 -34.3435 -53.5049 -64.3169 -133.439 -26.8074 -76.9907 -32.3111 -59.1584 -72.2586 -44.0127 -53.4044 -48.5065 -62.4186  -73.181 -74.2168 -58.7051 -50.2669  -52.921 -57.7785  -62.212 -64.7333 -81.3613 -70.3436 -63.9457 -81.0748 -59.3895 -80.0042 -62.1915  -52.872 -53.1204 -42.2496  -68.146 -62.1067 -56.0976 -64.9002 -71.4514 -49.2875  -62.461  -60.681 -70.0515 -73.7461 -70.1868   -50.31
-11.2443 -48.8146  -10.796  -33.205 -22.2183 -33.6056 -37.5417 -59.5316 -24.2076 -49.1822 -56.5481 -25.7225 -37.7725 -28.6507 -21.0312 -18.1956 -44.2483 -11.9658  -30.553 -50.1379 -26.8074 -106.084 -23.4135  -32.088 -15.4986 -24.8392 -20.6217 -40.9175 -31.0082 -27.5925 -32.4954 -16.5626 -30.3558 -36.3511 -19.2558 -20.4791 -49.5976 -39.8363 -46.2788 -45.8255 -34.7986 -44.1737 -35.1756 -38.1825  -44.612 -35.4257 -28.0235  -33.179 -30.5415 -41.7019 -59.4249 -42.9122 -54.2993 -15.7906 -60.0485 -65.0352 -52.4792 -30.7971 -27.3075  -41.354
-59.9039 -51.6812 -82.6341 -70.3675 -61.2592 -66.0394 -63.2285 -68.2328 -81.2942 -40.5089 -81.1268 -57.5381 -47.9014 -75.7766 -78.7026 -76.0051 -66.5431 -52.8398  -72.526 -56.9973 -76.9907 -23.4135 -159.988 -69.2067 -50.1074 -82.7646  -52.587 -66.2605 -61.8355 -50.7397 -67.1124 -50.8601 -49.8971 -87.1148 -54.1973 -100.442 -88.7615 -82.6433 -56.8397 -78.9339  -67.486 -90.0252 -58.5351 -86.3574 -67.9839 -55.4558 -68.0191 -48.9901 -84.1201 -80.5963 -70.2814 -94.0931 -65.2858 -51.0388 -62.3337 -68.1767 -109.568 -76.6968 -65.6155 -49.1871
-52.3009 -60.5624 -47.3271 -63.5671  -52.115 -54.0429 -77.2136 -68.8243 -47.2809  -48.966 -69.5502 -53.8218 -53.6039 -44.5719 -59.1885 -49.4906 -50.4263 -42.6117 -56.4521 -46.9387 -32.3111  -32.088 -69.2067 -111.874 -28.2906 -59.4917 -32.0036  -42.974 -41.7313 -50.4412 -38.8442  -31.113 -45.2285 -58.9458  -38.306 -76.9371 -55.1058 -49.2041 -45.3444 -67.8066  -52.814 -71.7754  -52.326 -64.6474 -55.1251  -53.186 -58.4043  -56.122 -64.6788 -48.2876 -73.4909 -64.0707 -50.4543 -31.9386 -41.4092 -66.0823 -60.2335 -50.9841 -33.6201  -57.014
-45.3215 -19.1181 -49.4941 -43.6138 -37.3535 -55.6486 -41.5019 -50.5508 -42.4316 -29.5883  -45.264 -53.4269 -47.3634 -38.6188 -29.9496 -67.5971  -50.763 -35.0234 -19.5881 -49.2406 -59.1584 -15.4986 -50.1074 -28.2906 -108.826 -64.4787 -28.8145 -14.2925 -37.0945 -45.2046 -55.6573 -39.9757 -41.1423 -44.5421 -26.3548  -45.803 -32.4228 -55.1746 -60.2752 -52.7573 -46.8534 -50.3708 -52.5112 -40.7069 -51.2517 -48.9009 -54.7416 -30.7004 -52.7259 -34.5419 -56.4768 -47.4309 -25.2115 -29.3483 -33.4473  -45.553 -56.0796 -47.6449 -37.9048 -48.7148
-75.5136 -51.8571 -89.5067  -63.761 -56.2513  -87.786 -73.9729 -106.968 -93.1033 -65.7243 -97.6223 -77.7268 -79.0787 -99.0758 -73.8086 -89.0227 -89.5175 -64.4092 -45.3887 -66.6238 -72.2586 -24.8392 -82.7646 -59.4917 -64.4787 -178.072 -62.7014 -52.3784 -70.4661 -65.1327 -62.0944 -73.1249 -65.1405 -65.8097 -53.8788 -81.7685 -66.5805 -88.2447 -96.1794  -92.018 -93.5593 -81.6915 -70.7284 -64.6989   -83.55 -61.7792 -82.5103 -67.8497 -71.7052 -57.0279 -71.0126 -101.409 -79.0446 -60.8163 -77.4516 -70.5209 -71.7562 -91.3936 -76.1395 -81.9355
 -39.513 -35.7393 -50.1071 -44.4344 -50.1289 -35.3191 -47.1345 -50.2396 -41.1712 -50.9347 -38.3988 -21.5878 -21.7709 -48.8985 -35.9715 -39.8627 -21.8571 -41.9178 -37.8326 -72.5577 -44.0127 -20.6217  -52.587 -32.0036 -28.8145 -62.7014 -106.758 -45.2721 -20.9401 -14.3938 -65.3068 -38.0425 -40.7788 -44.7176 -29.2865 -57.3714 -38.8813 -48.2596 -57.4503 -43.4234 -52.2234 -54.2866 -22.6478 -44.3355 -49.0609 -31.2485 -20.1231 -27.2065 -37.0102 -42.6462  -31.424 -57.2596 -36.3688 -28.4484 -41.8284 -34.5491  -36.094 -52.2692 -43.4579 -40.0745
-41.0696 -34.0183 -42.7048  -33.673 -25.3837 -47.1786 -43.1155 -57.6512 -44.7074 -39.8296 -65.0155 -37.2424 -34.7416  -50.833 -52.8796 -35.7625 -59.0812 -24.0551 -51.6663 -53.8583 -53.4044 -40.9175 -66.2605  -42.974 -14.2925 -52.3784 -45.2721  -100.21 -45.2777 -20.4469 -23.0511  -37.771 -28.2289 -45.7823 -26.9846  -52.491 -50.4719 -47.9209 -58.3112 -56.6254 -49.5536 -57.2086 -32.4474 -45.7523 -56.0346 -54.0776 -34.8844 -50.2731 -70.8918 -59.9583 -67.2404 -66.7085 -50.6087 -34.8144 -74.3311 -65.0539 -62.9506 -40.1756 -55.8234 -27.5988
-35.6868 -39.3976 -48.8645 -48.5392 -37.8962 -36.5511 -63.0078 -47.4217  -51.421 -35.6927 -77.8531 -52.9443 -50.1324 -54.9897 -42.5848 -51.1802 -56.3865 -43.8359  -45.457 -33.3557 -48.5065 -31.0082 -61.8355 -41.7313 -37.0945 -70.4661 -20.9401 -45.2777 -108.105  -24.693 -44.5338 -18.9804 -38.7871 -29.2818 -22.3402 -48.2015 -49.5869 -68.4906 -61.0574  -64.301 -55.6731 -72.2035 -42.6293 -50.8952 -59.0885   -50.48 -42.0039 -51.4874 -70.3831 -37.1833 -66.5993 -70.0249 -44.7501 -41.0797 -62.6473 -58.2902 -56.4393 -55.5046 -55.0658 -52.2591
-40.3843 -40.9632 -54.2282 -51.4663  -22.193 -46.8953 -60.6309 -65.8629 -67.8909 -40.2912 -83.1852 -43.2262 -69.8943 -39.1591  -58.754  -57.442 -66.9087 -21.9103 -45.5203 -58.1675 -62.4186 -27.5925 -50.7397 -50.4412 -45.2046 -65.1327 -14.3938 -20.4469  -24.693 -122.763 -36.6193  -71.623 -56.3947 -33.2808 -34.8372 -61.0276 -42.6527 -53.9006 -52.9652 -60.0943 -37.9493 -41.1612 -66.2007 -53.5778 -55.9306 -30.4989 -49.6137 -27.3105 -57.4769 -25.7369 -46.7337 -41.9231 -53.5929 -36.8019 -39.3308 -46.5956 -49.3757 -57.9947 -32.3242 -42.0226
-48.2786 -37.6943 -54.8744 -81.9253 -56.9972 -59.9556 -52.0284 -51.4877 -53.8332 -60.3151  -69.449 -43.0019 -51.7876 -44.5175 -48.5313   -57.91 -46.4945 -56.2461 -39.7762 -71.3902  -73.181 -32.4954 -67.1124 -38.8442 -55.6573 -62.0944 -65.3068 -23.0511 -44.5338 -36.6193 -137.502 -43.0234 -56.5628 -52.5396 -36.1166 -68.4172 -42.3238 -72.2619 -65.7941 -71.4561  -55.261 -62.9877 -39.5858 -64.5978 -42.2803 -62.5191 -45.4094 -30.0099 -58.5948 -69.8422 -47.6881  -80.787 -64.7643 -47.6215 -58.7259 -46.6063 -61.7124 -74.6824 -51.5035 -56.7251
-40.9307 -39.9033 -61.2998 -42.5825 -33.4162 -50.1069 -48.4734 -55.0937  -51.631 -49.1588  -60.683  -18.619 -52.6082 -44.2116 -64.8788 -50.5121 -52.6389 -23.3212 -34.1495 -56.0745 -74.2168 -16.5626 -50.8601  -31.113 -39.9757 -73.1249 -38.0425  -37.771 -18.9804  -71.623 -43.0234 -115.813 -41.1738 -63.2236 -31.8966 -57.5125 -50.6551 -55.6703 -64.7366 -56.8258 -43.8683 -40.3745 -58.0677 -57.0786 -54.9612 -35.2754 -58.0235 -32.9625 -50.9238 -23.9585 -49.6107 -43.4197 -48.5614 -44.8988 -45.7604 -37.0528 -50.5259 -51.3313 -58.7003 -36.1289
-53.1675 -29.6899 -49.8077 -75.6817 -55.9779 -46.0655 -66.6526 -46.5374 -46.9102 -55.8754 -53.1407 -48.9222 -63.2387 -53.1539 -46.6445 -68.7955 -63.2271 -37.0481 -36.2848 -67.9579 -58.7051 -30.3558 -49.8971 -45.2285 -41.1423 -65.1405 -40.7788 -28.2289 -38.7871 -56.3947 -56.5628 -41.1738 -113.609 -39.1578 -17.1543 -68.2746 -47.0778  -68.453 -58.2804 -55.8331 -57.9934 -57.5963 -58.8994 -55.9987 -45.7508 -35.1984 -33.5784 -42.3152 -62.8595 -52.4747 -61.3711  -46.809 -46.3096 -37.6326 -48.0474 -51.5259 -56.2682 -61.6253 -61.3223 -54.6685
-45.9493 -58.2267    -53.9 -53.8106 -67.4574 -75.5174 -59.2522 -64.4531 -36.3548 -64.3004 -62.7309 -40.1412 -46.4377 -61.6788 -56.7389 -67.1365 -55.3181 -33.4741 -31.5329 -57.5709 -50.2669 -36.3511 -87.1148 -58.9458 -44.5421 -65.8097 -44.7176 -45.7823 -29.2818 -33.2808 -52.5396 -63.2236 -39.1578 -124.897 -27.3925 -68.7338 -78.8686 -64.6154 -56.4106 -55.1647 -60.1089 -77.3578 -57.4182 -78.2684 -55.3997 -42.8808 -64.2411 -36.7713 -71.9763  -56.687 -79.0377 -74.1249 -50.3787 -46.7177 -51.0758 -74.7831 -78.7429  -57.597  -72.907 -57.4879
-47.6489 -15.2976 -39.1728 -30.2552 -16.3393 -44.0862 -27.9156 -55.6571 -44.5756 -34.7523 -34.3938 -29.6953 -26.1734 -48.3017 -58.8504 -26.5148 -37.9414 -18.0125 -28.9087 -52.5308  -52.921 -19.2558 -54.1973  -38.306 -26.3548 -53.8788 -29.2865 -26.9846 -22.3402 -34.8372 -36.1166 -31.8966 -17.1543 -27.3925 -103.235 -54.4882 -57.7739 -34.8216 -37.6744 -45.9787 -46.7074 -51.4375 -28.1163 -57.9583  -58.207 -17.9683 -32.0153 -31.5168 -15.6614 -43.0512 -27.7007  -52.322 -50.3508 -44.7713  -35.611 -33.1863  -45.248 -62.1185 -19.5705 -31.7414
-68.1176 -26.2442 -79.0406 -68.7629 -60.5034 -58.9889 -59.2423 -70.5248 -65.4247 -68.9955 -54.1422 -60.4972 -62.0544 -65.9824 -72.0435 -72.9453 -65.8238 -54.7348 -55.3692 -80.9063 -57.7785 -20.4791 -100.442 -76.9371  -45.803 -81.7685 -57.3714  -52.491 -48.2015 -61.0276 -68.4172 -57.5125 -68.2746 -68.7338 -54.4882  -148.49 -78.1096  -55.151  -71.451 -90.6256 -67.7664 -73.8825 -63.7892 -82.6726 -91.8514 -50.8413 -54.3623 -64.5827 -66.9275 -66.0274 -72.0871 -95.0947 -50.4832 -48.0622 -63.7158 -41.4318 -74.6331 -87.2543 -55.8579 -59.1982
-63.4481 -49.4889 -45.4465 -72.0211 -41.5523 -55.8474 -65.3449 -85.5897 -47.4945 -59.1373 -74.0686  -43.179 -61.8793 -69.6902 -53.3842 -81.3185 -73.8018 -34.6256 -49.9835 -66.2301  -62.212 -49.5976 -88.7615 -55.1058 -32.4228 -66.5805 -38.8813 -50.4719 -49.5869 -42.6527 -42.3238 -50.6551 -47.0778 -78.8686 -57.7739 -78.1096 -146.956 -60.0751 -55.6911 -68.2846 -75.2576 -73.5657 -51.8589 -87.3294 -71.3339 -42.1034 -58.5519 -34.5799 -64.8644 -50.5645 -64.3309   -80.05  -59.627 -33.8761 -60.4575 -66.7536 -96.2066 -84.2788 -55.0721 -70.5573
-57.4836 -55.3881 -75.3859 -56.4756 -53.0858 -68.4753 -83.5441  -77.147 -78.9405 -67.9081 -94.7389 -63.1583 -69.4917 -76.5879 -70.8656 -80.5547 -65.1632 -39.7584 -66.8801 -58.8052 -64.7333 -39.8363 -82.6433 -49.2041 -55.1746 -88.2447 -48.2596 -47.9209 -68.4906 -53.9006 -72.2619 -55.6703  -68.453 -64.6154 -34.8216  -55.151 -60.0751 -175.754 -96.7724 -87.1811 -69.6798 -87.5837 -71.0571 -86.5332 -69.7488 -56.1419 -58.6713 -42.7022 -58.6828 -73.6238 -77.9363 -77.3025 -59.5128 -59.1106 -82.3748 -102.868 -79.0726 -76.3825 -63.9678 -43.1908
-54.6166 -58.5142 -53.5083  -43.701 -55.0206 -62.6964 -85.4431  -80.512 -89.5711 -80.4205 -83.5715 -61.5118 -84.7102 -65.2936 -61.4789 -81.6196 -72.7161 -66.1723 -55.2026  -86.572 -81.3613 -46.2788 -56.8397 -45.3444 -60.2752 -96.1794 -57.4503 -58.3112 -61.0574 -52.9652 -65.7941 -64.7366 -58.2804 -56.4106 -37.6744  -71.451 -55.6911 -96.7724 -174.563 -99.7251 -85.2653 -90.0982 -88.1047 -64.3956 -75.9889 -73.6316 -85.5547  -51.212 -67.0506 -69.3383 -88.3754 -90.1581 -63.0464 -64.1106 -78.8037  -87.734 -70.5019 -64.7586 -71.2419 -76.6605
-66.1805 -71.3252  -93.138 -57.1901 -29.5816 -82.8874 -73.7792 -76.8894 -69.9418 -70.5589 -96.7463 -53.8981 -78.1517 -57.1344 -70.7289 -83.0184 -85.6575 -60.8359  -59.703 -79.3205 -70.3436 -45.8255 -78.9339 -67.8066 -52.7573  -92.018 -43.4234 -56.6254  -64.301 -60.0943 -71.4561 -56.8258 -55.8331 -55.1647 -45.9787 -90.6256 -68.2846 -87.1811 -99.7251 -177.464 -86.4247 -70.3388 -57.5388 -92.9059 -107.285 -84.2948  -65.665 -60.4405 -76.0719 -72.9345 -72.0724 -92.3587  -73.762 -42.8478 -81.5761 -76.4895 -79.9477 -72.2023 -45.9563 -69.9519
-60.7953 -60.3653 -63.2278 -64.3127 -52.9245 -60.7283 -75.7003 -68.0243 -59.0624 -61.5789 -87.3197 -46.9682 -55.3596 -63.0391 -49.0301 -69.3818 -71.4216 -74.4351 -48.9487 -80.9611 -63.9457 -34.7986  -67.486  -52.814 -46.8534 -93.5593 -52.2234 -49.5536 -55.6731 -37.9493  -55.261 -43.8683 -57.9934 -60.1089 -46.7074 -67.7664 -75.2576 -69.6798 -85.2653 -86.4247 -126.219 -91.6466 -60.2014 -71.4665 -72.2268  -59.867 -51.5083 -48.8991 -67.3932 -40.2009 -58.2217 -79.5541 -72.7107 -52.5214 -40.6435 -70.9278 -71.4632 -74.4883 -70.7526 -61.6151
-60.0959 -61.7896 -58.0852 -66.8669 -70.5846 -57.6094 -91.5765 -79.9093  -75.622  -70.899 -82.0212 -54.5811 -61.6039 -85.5596 -72.6787 -57.5227 -58.4606  -67.827 -58.3592 -67.4498 -81.0748 -44.1737 -90.0252 -71.7754 -50.3708 -81.6915 -54.2866 -57.2086 -72.2035 -41.1612 -62.9877 -40.3745 -57.5963 -77.3578 -51.4375 -73.8825 -73.5657 -87.5837 -90.0982 -70.3388 -91.6466 -168.405 -67.8385 -77.1616 -79.4922 -42.4345 -54.0303 -62.3836  -63.773 -65.7705 -66.7483 -98.7007  -54.268 -65.3606 -55.3305 -96.8756 -79.2955 -82.6227 -62.5229  -60.816
-46.6292 -45.5342 -45.0949 -64.0487 -46.4314 -57.6933 -65.1917 -64.2662 -69.6463 -43.7045  -68.485 -49.4702 -63.0162 -52.2458 -56.9884 -61.7629 -70.2145 -50.4558 -36.8142  -68.998 -59.3895 -35.1756 -58.5351  -52.326 -52.5112 -70.7284 -22.6478 -32.4474 -42.6293 -66.2007 -39.5858 -58.0677 -58.8994 -57.4182 -28.1163 -63.7892 -51.8589 -71.0571 -88.1047 -57.5388 -60.2014 -67.8385 -125.403 -57.3442 -66.9239 -52.7169 -72.1707 -40.7214 -74.2507 -33.3127 -59.2385 -65.0714 -58.1018 -58.9196 -48.2947 -76.8124 -73.5761 -54.3176 -46.9206  -61.283
-66.1406 -58.5455 -74.9673 -57.4462 -62.3944 -63.1431 -80.3127 -76.2286 -44.3152 -60.1995 -80.9299 -66.9776 -39.8692 -51.7311  -45.926 -70.5213 -69.3026  -36.456 -59.0343 -71.0453 -80.0042 -38.1825 -86.3574 -64.6474 -40.7069 -64.6989 -44.3355 -45.7523 -50.8952 -53.5778 -64.5978 -57.0786 -55.9987 -78.2684 -57.9583 -82.6726 -87.3294 -86.5332 -64.3956 -92.9059 -71.4665 -77.1616 -57.3442 -156.752 -76.6438 -54.5519 -51.3352 -37.2225 -49.6396 -69.8072 -68.4712 -70.3757 -75.9175 -48.1748 -57.3361 -73.4369 -70.1688 -83.0128 -68.3422 -62.2999
-56.2758 -35.1773 -72.9564 -51.2264 -34.8269 -66.6345 -67.2089 -84.1783 -60.3397 -55.4607 -63.7378 -53.4049 -42.7118 -77.4606 -71.2625 -74.9154 -72.2554 -57.3258 -55.5114 -87.1455 -62.1915  -44.612 -67.9839 -55.1251 -51.2517   -83.55 -49.0609 -56.0346 -59.0885 -55.9306 -42.2803 -54.9612 -45.7508 -55.3997  -58.207 -91.8514 -71.3339 -69.7488 -75.9889 -107.285 -72.2268 -79.4922 -66.9239 -76.6438 -153.629 -60.9814 -40.2057 -61.9387 -57.0537  -46.789 -58.4443 -80.5845  -58.548 -48.8739 -86.2211 -62.5241 -69.7588 -79.7022 -53.5147 -60.2692
-44.4177 -51.8315 -51.1926 -39.6008 -26.5891 -52.6963 -59.0567  -58.004 -49.0586 -53.7028 -77.1107 -55.6355 -54.1635 -40.6394    -48.4 -60.2987 -69.5897 -42.6098 -34.9047 -64.2535  -52.872 -35.4257 -55.4558  -53.186 -48.9009 -61.7792 -31.2485 -54.0776   -50.48 -30.4989 -62.5191 -35.2754 -35.1984 -42.8808 -17.9683 -50.8413 -42.1034 -56.1419 -73.6316 -84.2948  -59.867 -42.4345 -52.7169 -54.5519 -60.9814 -128.122  -54.803 -44.4224 -70.8577 -48.3779 -58.6873 -67.6629 -44.9121 -30.9743 -68.1147 -60.1592 -53.6932 -31.0521 -49.9658 -52.1343
-32.0352 -42.9071 -50.1601 -56.1347 -53.1356 -49.0735 -52.4152 -53.7074 -61.9865 -44.0793 -62.5299 -54.8139 -60.0741 -49.4633 -47.7258 -63.7913 -64.9773 -39.9365 -38.5475 -31.4431 -53.1204 -28.0235 -68.0191 -58.4043 -54.7416 -82.5103 -20.1231 -34.8844 -42.0039 -49.6137 -45.4094 -58.0235 -33.5784 -64.2411 -32.0153 -54.3623 -58.5519 -58.6713 -85.5547  -65.665 -51.5083 -54.0303 -72.1707 -51.3352 -40.2057  -54.803 -120.928 -38.4438  -63.439 -42.8423 -66.8793 -56.2722 -45.8526 -40.1663  -47.065 -61.2051 -73.6778 -43.9352 -50.0837 -57.3929
-46.5006 -28.1699 -51.1164 -47.2884  -19.591 -57.5997 -49.4275 -52.7146 -58.7868  -47.615 -46.4829 -40.2489 -43.1275 -59.1369 -43.6449 -22.4562 -41.5543 -42.0454 -37.9136 -48.0567 -42.2496  -33.179 -48.9901  -56.122 -30.7004 -67.8497 -27.2065 -50.2731 -51.4874 -27.3105 -30.0099 -32.9625 -42.3152 -36.7713 -31.5168 -64.5827 -34.5799 -42.7022  -51.212 -60.4405 -48.8991 -62.3836 -40.7214 -37.2225 -61.9387 -44.4224 -38.4438 -103.421 -43.5773 -52.5658 -60.7667 -63.3967 -26.0204 -30.4056 -59.3195 -53.3068 -57.1764 -39.4236 -35.0942 -29.6057
-47.7651 -51.8121 -53.7833 -82.4956 -46.5124  -74.021  -72.137 -70.4064 -55.5481 -53.0988 -97.7625 -56.0151 -66.4575 -55.3481 -67.9682 -80.6046  -89.635 -50.8885 -47.1616 -78.8317  -68.146 -30.5415 -84.1201 -64.6788 -52.7259 -71.7052 -37.0102 -70.8918 -70.3831 -57.4769 -58.5948 -50.9238 -62.8595 -71.9763 -15.6614 -66.9275 -64.8644 -58.6828 -67.0506 -76.0719 -67.3932  -63.773 -74.2507 -49.6396 -57.0537 -70.8577  -63.439 -43.5773 -157.314 -48.9222 -87.8184 -83.7057 -64.4285 -49.5734 -71.9292 -79.9528  -88.131  -61.739 -69.9296 -70.1238
 -56.912 -46.0721 -53.5419 -44.3791 -34.1649 -60.8411 -50.9596 -52.9702 -55.9766 -40.2687 -68.3693 -60.2521 -62.5799 -68.6592  -71.665 -49.5889  -46.231 -26.0885 -42.1204 -45.0598 -62.1067 -41.7019 -80.5963 -48.2876 -34.5419 -57.0279 -42.6462 -59.9583 -37.1833 -25.7369 -69.8422 -23.9585 -52.4747  -56.687 -43.0512 -66.0274 -50.5645 -73.6238 -69.3383 -72.9345 -40.2009 -65.7705 -33.3127 -69.8072  -46.789 -48.3779 -42.8423 -52.5658 -48.9222 -140.738 -70.2383 -90.1446 -53.6362 -57.5609  -92.064 -56.7571 -87.0735 -57.0045 -40.2158 -38.7985
-48.1139 -66.4697 -43.9922 -57.6872 -58.3849 -72.1302 -79.8082 -79.7484  -61.244 -68.4333 -74.3757 -60.8442  -73.643 -59.7277 -64.3927 -58.8725 -94.0998 -33.7764 -51.6263 -65.3699 -56.0976 -59.4249 -70.2814 -73.4909 -56.4768 -71.0126  -31.424 -67.2404 -66.5993 -46.7337 -47.6881 -49.6107 -61.3711 -79.0377 -27.7007 -72.0871 -64.3309 -77.9363 -88.3754 -72.0724 -58.2217 -66.7483 -59.2385 -68.4712 -58.4443 -58.6873 -66.8793 -60.7667 -87.8184 -70.2383 -148.053 -77.9376 -54.7203 -43.8798 -80.1018 -88.8542 -78.3015 -71.0667 -73.3166 -75.0563
-63.6985 -51.9975 -61.9527  -64.025 -49.0046 -82.2878 -68.3632 -88.7727 -89.6773  -63.593 -96.4937 -54.4777 -73.5448 -90.2341  -80.282 -58.6958 -69.0453 -61.9331 -55.7043 -78.6152 -64.9002 -42.9122 -94.0931 -64.0707 -47.4309 -101.409 -57.2596 -66.7085 -70.0249 -41.9231  -80.787 -43.4197  -46.809 -74.1249  -52.322 -95.0947   -80.05 -77.3025 -90.1581 -92.3587 -79.5541 -98.7007 -65.0714 -70.3757 -80.5845 -67.6629 -56.2722 -63.3967 -83.7057 -90.1446 -77.9376 -166.128 -81.8386 -75.5186 -84.8338 -77.9809 -103.327 -81.2444 -52.9117 -75.5041
-52.8695 -47.3394 -42.1066 -55.1777 -53.7175 -69.6558  -57.993  -71.406 -39.9022 -38.6243  -102.55 -41.3758 -41.3007 -51.4126 -58.2469 -47.8574 -62.0507 -39.8238 -55.5041 -65.7112 -71.4514 -54.2993 -65.2858 -50.4543 -25.2115 -79.0446 -36.3688 -50.6087 -44.7501 -53.5929 -64.7643 -48.5614 -46.3096 -50.3787 -50.3508 -50.4832  -59.627 -59.5128 -63.0464  -73.762 -72.7107  -54.268 -58.1018 -75.9175  -58.548 -44.9121 -45.8526 -26.0204 -64.4285 -53.6362 -54.7203 -81.8386  -132.33 -61.6177 -59.4801 -56.0264  -76.206 -77.5487 -56.3484  -61.813
-35.7743 -27.3427  -41.497 -31.9858 -28.6941 -30.9812 -40.0622 -35.7724 -48.0425 -26.8128 -55.4821 -19.7933 -37.7056  -59.933 -60.4646 -24.8282 -44.5838 -33.8224 -29.6058 -58.5742 -49.2875 -15.7906 -51.0388 -31.9386 -29.3483 -60.8163 -28.4484 -34.8144 -41.0797 -36.8019 -47.6215 -44.8988 -37.6326 -46.7177 -44.7713 -48.0622 -33.8761 -59.1106 -64.1106 -42.8478 -52.5214 -65.3606 -58.9196 -48.1748 -48.8739 -30.9743 -40.1663 -30.4056 -49.5734 -57.5609 -43.8798 -75.5186 -61.6177 -107.827 -56.7788 -42.4079 -65.0159 -56.8501 -50.0401 -35.6631
-41.6191 -48.8215 -58.0533 -49.7451 -31.7469 -67.0771 -71.9095 -89.7341 -51.5013 -57.7527 -85.8639  -53.597 -64.3337 -86.4586 -70.1767 -61.5583 -76.6755 -24.3385 -46.7662 -69.6392  -62.461 -60.0485 -62.3337 -41.4092 -33.4473 -77.4516 -41.8284 -74.3311 -62.6473 -39.3308 -58.7259 -45.7604 -48.0474 -51.0758  -35.611 -63.7158 -60.4575 -82.3748 -78.8037 -81.5761 -40.6435 -55.3305 -48.2947 -57.3361 -86.2211 -68.1147  -47.065 -59.3195 -71.9292  -92.064 -80.1018 -84.8338 -59.4801 -56.7788 -156.672 -77.4581 -75.9977 -61.4977 -52.3591 -46.4264
-40.3903 -75.6649 -37.1669  -76.776 -39.9254 -86.8392 -83.1678 -90.8224 -70.9544  -59.911 -93.7917 -65.0965 -67.8453 -50.7402 -56.1494 -66.7981 -77.3354 -51.1468 -63.1289 -75.0054  -60.681 -65.0352 -68.1767 -66.0823  -45.553 -70.5209 -34.5491 -65.0539 -58.2902 -46.5956 -46.6063 -37.0528 -51.5259 -74.7831 -33.1863 -41.4318 -66.7536 -102.868  -87.734 -76.4895 -70.9278 -96.8756 -76.8124 -73.4369 -62.5241 -60.1592 -61.2051 -53.3068 -79.9528 -56.7571 -88.8542 -77.9809 -56.0264 -42.4079 -77.4581 -166.299 -88.8461 -38.5276 -53.7668   -59.46
-71.2282 -60.1488 -48.4953 -80.9783 -46.3969 -85.5956 -67.6999 -72.6584 -73.1209 -32.8219 -93.8011 -48.4517  -64.837 -69.5179 -70.9159 -71.9442 -63.4133 -54.2285 -57.5518 -74.6095 -70.0515 -52.4792 -109.568 -60.2335 -56.0796 -71.7562  -36.094 -62.9506 -56.4393 -49.3757 -61.7124 -50.5259 -56.2682 -78.7429  -45.248 -74.6331 -96.2066 -79.0726 -70.5019 -79.9477 -71.4632 -79.2955 -73.5761 -70.1688 -69.7588 -53.6932 -73.6778 -57.1764  -88.131 -87.0735 -78.3015 -103.327  -76.206 -65.0159 -75.9977 -88.8461 -151.662 -73.0159 -50.3394 -44.5842
-68.7017 -36.2627 -61.3984  -67.963 -78.3903 -65.4684 -56.1229 -85.0539 -57.3319 -61.1586 -77.9503 -55.5271 -50.4076   -62.27 -59.1125 -65.7942 -82.1076 -50.4009 -44.8362  -82.275 -73.7461 -30.7971 -76.6968 -50.9841 -47.6449 -91.3936 -52.2692 -40.1756 -55.5046 -57.9947 -74.6824 -51.3313 -61.6253  -57.597 -62.1185 -87.2543 -84.2788 -76.3825 -64.7586 -72.2023 -74.4883 -82.6227 -54.3176 -83.0128 -79.7022 -31.0521 -43.9352 -39.4236  -61.739 -57.0045 -71.0667 -81.2444 -77.5487 -56.8501 -61.4977 -38.5276 -73.0159 -148.162 -56.4524 -65.5919
 -41.009  -31.842 -46.5251 -53.3759 -52.9091 -43.8028 -55.5302 -49.6154  -35.005  -57.826 -68.7848 -43.5314 -36.8663 -57.7439 -33.1667 -63.1398 -63.1437 -27.0387 -40.1516 -49.7219 -70.1868 -27.3075 -65.6155 -33.6201 -37.9048 -76.1395 -43.4579 -55.8234 -55.0658 -32.3242 -51.5035 -58.7003 -61.3223  -72.907 -19.5705 -55.8579 -55.0721 -63.9678 -71.2419 -45.9563 -70.7526 -62.5229 -46.9206 -68.3422 -53.5147 -49.9658 -50.0837 -35.0942 -69.9296 -40.2158 -73.3166 -52.9117 -56.3484 -50.0401 -52.3591 -53.7668 -50.3394 -56.4524 -124.032 -60.0135
 -40.261 -36.4701  -34.767  -64.141 -54.7549  -53.497 -71.5203 -73.4909   -53.15 -66.8832 -65.4876 -45.1462 -63.4741 -48.7962  -46.312 -64.6433  -74.928 -35.2268 -36.7807 -57.8359   -50.31  -41.354 -49.1871  -57.014 -48.7148 -81.9355 -40.0745 -27.5988 -52.2591 -42.0226 -56.7251 -36.1289 -54.6685 -57.4879 -31.7414 -59.1982 -70.5573 -43.1908 -76.6605 -69.9519 -61.6151  -60.816  -61.283 -62.2999 -60.2692 -52.1343 -57.3929 -29.6057 -70.1238 -38.7985 -75.0563 -75.5041  -61.813 -35.6631 -46.4264   -59.46 -44.5842 -65.5919 -60.0135 -132.569
   1.78124     2.3522 -0.0324885    1.92372  -0.963377    1.55346    1.90917  -0.120511    1.82857    1.27243   -0.28672    1.02339  -0.846138 -0.0523045  -0.481733    2.05035    1.93026   0.753868    2.89732  -0.556397    1.90005    1.96884  -0.246506  -0.293036  -0.991212    2.80765  -0.744787   0.226456     2.6782    1.35579         -0         -0         -0         -0         -0         -0         -0         -0         -0         -0         -0         -0         -0         -0         -0         -0         -0         -0         -0         -0         -0         -0         -0         -0         -0         -0         -0         -0         -0         -0
   2.3522 -0.269694   1.89106     2.163    1.4646   1.38054  -0.44242   1.85737  0.400361  0.485053  0.151967   2.42448 -0.646524 0.0583862   2.05246   1.73019   2.39251   1.76888 -0.949059   1.26981   1.69795 -0.480458  0.119881   2.93455   2.95568   1.80311    1.9507   1.54421   2.51697    2.8116        -0        -0        -0        -0        -0        -0        -0        -0        -0        -0        -0        -0        -0        -0        -0        -0        -0        -0        -0        -0        -0        -0        -0        -0        -0        -0        -0        -0        -0        -0
-0.0324885    1.89106    1.21875    2.64886    1.04828   0.630576  -0.511261   0.335311  -0.408056    2.75011   0.815669   0.187497    1.87592   0.262186    2.15573  -0.980462 -0.0419075    2.32006    1.51604  -0.960265    1.06874   0.385696     1.2221  -0.351197    1.10924    2.58929    2.60693   0.313784  -0.204117   0.495697         -0         -0         -0         -0         -0         -0         -0         -0         -0         -0         -0         -0         -0         -0         -0         -0         -0         -0         -0         -0         -0         -0         -0         -0         -0         -0         -0         -0         -0         -0
    1.92372       2.163     2.64886    0.142467     2.68548   -0.398255   -0.460251    0.368227    -0.83612     1.86438   -0.536607     2.83906     0.34136     2.82361    0.780453     1.20609      1.9498     1.71196     2.21739     1.95964     1.93979   0.0375763     1.13919     1.92906   -0.342409    0.916883      2.8445    -0.16661 -0.00801512     2.15168          -0          -0          -0          -0          -0          -0          -0          -0          -0          -0          -0          -0          -0          -0          -0          -0          -0          -0          -0          -0          -0          -0          -0          -0          -0          -0          -0          -0          -0          -0
-0.963377    1.4646   1.04828   2.68548   2.60707   1.06602  0.159325   2.39712   1.76859  0.648933 -0.983656   2.88787 -0.807468   1.39975   1.87607 -0.489357  0.598592  0.718677    1.7629  0.487197  0.657591   2.45933   1.15746   1.07374   1.88474    2.4607 -0.132419   1.38871 -0.649635  -0.19641        -0        -0        -0        -0        -0        -0        -0        -0        -0        -0        -0        -0        -0        -0        -0        -0        -0        -0        -0        -0        -0        -0        -0        -0        -0        -0        -0        -0        -0        -0
   1.55346    1.38054   0.630576  -0.398255    1.06602   0.237643    1.55476    1.49464    2.98906     1.5187     2.4646   0.203841    1.76379   0.454719    0.55548    1.89561   0.468735 -0.0813438  -0.765285    1.80264    2.55593    2.04329   0.681425    1.80626   -0.81702    1.47403    2.06764    1.18137    2.18459   0.846062         -0         -0         -0         -0         -0         -0         -0         -0         -0         -0         -0         -0         -0         -0         -0         -0         -0         -0         -0         -0         -0         -0         -0         -0         -0         -0         -0         -0         -0         -0
  1.90917  -0.44242 -0.511261 -0.460251  0.159325   1.55476  0.777392   2.92299   1.65852   1.85344   1.98209   2.30366    1.5452    1.5874   2.23517   2.76157   0.84541 -0.819304 -0.863958   2.19436  0.742422 -0.406489  0.182478 -0.389514   2.46385   1.09986   1.31853   2.90103   2.17335   1.33627        -0        -0        -0        -0        -0        -0        -0        -0        -0        -0        -0        -0        -0        -0        -0        -0        -0        -0        -0        -0        -0        -0        -0        -0        -0        -0        -0        -0        -0        -0
 -0.120511    1.85737   0.335311   0.368227    2.39712    1.49464    2.92299   0.174511    1.69158  -0.692551    1.86978    1.86997    2.49619 -0.0550527   0.463471    2.74581   0.360158    2.56409     1.9436   0.623239  -0.148051   0.201749    1.75097    2.25622    2.49523    1.92455    1.96744  -0.292761  -0.748607    2.97694         -0         -0         -0         -0         -0         -0         -0         -0         -0         -0         -0         -0         -0         -0         -0         -0         -0         -0         -0         -0         -0         -0         -0         -0         -0         -0         -0         -0         -0         -0
  1.82857  0.400361 -0.408056  -0.83612   1.76859   2.98906   1.65852   1.69158  0.163574   0.21028   2.77205 -0.926375  0.633757  -0.04909   1.50043 -0.640919   0.21455   1.27881    2.7988  0.746234  0.179173   2.89524   1.88317  0.557229    2.4392  0.969254  0.992192  0.148809   2.89183   1.09745        -0        -0        -0        -0        -0        -0        -0        -0        -0        -0        -0        -0        -0        -0        -0        -0        -0        -0        -0        -0        -0        -0        -0        -0        -0        -0        -0        -0        -0        -0
  1.27243  0.485053   2.75011   1.86438  0.648933    1.5187   1.85344 -0.692551   0.21028 -0.982986 -0.807625   2.07571   1.61883 -0.778843 -0.813918   1.26199   1.20449  0.395246   1.41486   1.99316   2.48866  0.772684 0.0777144   2.49366 0.0210803  0.539063 -0.712219   0.89322  -0.67784   1.22811        -0        -0        -0        -0        -0        -0        -0        -0        -0        -0        -0        -0        -0        -0        -0        -0        -0        -0        -0        -0        -0        -0        -0        -0        -0        -0        -0        -0        -0        -0
